4.3687499116
3.19765537055
1.33543308091
2.10024977161
2.61165054092
2.85106174212
4.14010643951
3.12083837959
3.14115455644
2.97939696141
2.82937121686
3.43117763263
2.622597318
3.46497297164
4.02402399154
1.59761120511
1.80376708678
2.31690195645
3.04904691796
2.82430328703
4.31482902619
2.15429120212
3.11882524334
4.05742653273
3.18871131539
2.83446432025
3.3919001816
2.75964987897
1.98745329471
2.45301727268
3.82621320249
4.12257227527
2.39210782843
2.50973335105
1.20964139224
3.05719617198
3.59559672315
1.9345011256
3.00091020584
4.06600279613
2.14197077107
3.39239268186
2.14070239885
4.42589405596
2.85406880453
2.19607041933
3.91846765753
3.12711095592
4.22417191951
3.48602990418
2.04337039819
2.20397767901
3.35616870462
2.43147026898
2.00179855715
2.90694184802
2.729822934
3.72499569911
2.2275688734
3.24839551047
3.39013323333
3.63219948818
2.7252814514
3.14491173902
4.20755316988
3.82564736437
3.23504049202
4.60883857712
3.11843995872
3.12307850716
2.79591337052
2.91625835533
2.23909434098
2.53708425705
4.12594933128
2.9950033221
3.11657956077
3.67015815469
3.14078460814
2.93491549851
2.98315799912
2.67089218764
1.60216355324
3.87885410311
3.83126008635
3.91132641847
2.6598785466
2.65457679627
2.26854708538
3.03730710528
2.25349622789
3.55928971795
3.64668498054
2.87350164449
4.1399833177
4.02771231409
2.84392433929
3.16313449083
1.89473766358
3.51646867549
2.56824118892
2.90394837633
3.72979967916
2.49537053236
3.74302850817
1.97252129934
1.95083576733
2.86280230026
1.54640396994
2.61176450341
3.37173804204
1.53072185253
4.33863144805
2.28072416559
3.81246867202
3.83554181917
1.93457092255
2.39999350726
2.9560703189
2.53035862749
1.99682997995
3.51844615076
2.54850976063
3.67637499765
2.05070059159
3.24326532831
2.50092560176
3.65021097798
3.77312275629
3.46886108244
3.64531596388
3.43176394415
3.61801803361
2.83388139071
4.01485444968
4.26401997731
2.44921880662
2.36678114276
2.85599340283
3.71650059884
3.50388963894
3.72202743963
2.16430307993
3.6234816084
2.68635888333
2.37352430441
2.30586497254
3.05051623375
4.36895905942
3.4725801905
3.86299791848
2.41833154124
1.7170170817
3.04940472963
2.93080945097
3.39511478164
2.86319301802
3.35804179257
4.16812941063
3.28238752331
2.1986674218
2.13607921662
3.49851365978
4.05055342768
3.15036536238
2.13871031172
2.93862954254
2.61985997065
2.90747754079
2.87045777688
3.49779341792
2.08923747944
4.14142349092
1.81090141131
2.65074869517
2.55912047676
2.80183491752
2.23778927752
1.50631207197
2.47759529878
4.1399771849
2.85297093825
3.84503854177
3.79172533514
2.13054573184
2.87394730809
1.6466019459
3.29896518536
3.824496127
3.45965125681
1.70595104737
2.03809579796
2.64273087966
3.56326620427
2.53703968222
2.42872323537
3.03829684359
3.12272410942
3.60654688201
3.27531869415
3.15683762492
2.21792829403
2.39307013877
3.28410447202
4.03990871643
3.12442087128
2.88648607242
2.6744314026
3.06160530585
2.98925521294
2.25024819691
4.37667177932
1.80873777576
2.12618173694
3.60070852999
3.59498213224
3.56988967279
3.93262775995
2.57127263861
3.92626800066
2.4283801363
3.00000772894
2.24383163513
1.85925561581
3.66951145506
3.74319127146
2.58380993728
4.51286526288
4.08739959653
4.6404782239
2.53397487221
3.32328914119
3.07192632567
4.5171659777
2.96306127163
2.92985285952
4.299303293
3.83772090893
1.85754513515
1.80309362077
2.28897964488
2.34830962381
2.42263885416
2.46672852339
2.19620787495
2.81817542708
2.69919820482
2.06076707226
2.53762682413
2.74844673656
3.85381932349
2.64313702479
3.66634489405
4.23058030929
