4.40991160942
0.820368561926
4.15769363624
3.72231739269
3.73969203436
4.41660038127
4.25458583612
3.4640255293
2.56556630489
1.96358538697
3.97725260546
4.29112571093
3.76086175156
4.09490159412
3.07322241939
4.35278991836
1.29119300308
2.1563030495
2.2037198355
4.12185894086
1.69785742893
1.14609484097
4.35324257459
4.34265053727
4.47921165147
3.69609857845
2.74897494554
3.96517670896
4.43811851485
2.63322239771
4.43512648447
3.59488120722
4.03582331354
4.21609662921
3.730569089
4.19461008015
4.36671468591
4.01310900066
0.336942712113
4.5028813528
1.0457503374
4.23802995455
4.4559674365
3.63037339612
3.01585133101
2.48861635958
1.73223861955
4.48336908051
3.51460747134
3.24155294376
2.0504447922
3.59823528758
4.48486681746
4.03205377773
3.70155397399
2.47415349128
3.7584472881
4.35884807581
4.16207893977
3.07161178603
1.12327683526
4.15866625431
4.4398300624
3.7103317275
2.08523802214
0.881021203107
3.88430175714
3.81865438256
3.82243999239
3.93228445443
4.38212525046
1.27415376321
4.44820327638
4.31172531344
4.43784635722
3.5344102666
2.9902086308
4.27810866912
1.50435081907
4.19951658983
1.28878565325
1.10959291856
4.24243934871
4.47467338981
4.19324185901
2.49834291434
3.56347516223
4.09489391493
2.53647447616
4.35887733235
4.08813951671
4.23586936721
3.8635089228
4.10538246843
4.05481706789
4.31167711603
4.20117657462
2.72786351692
1.60260767213
4.22268152639
3.3902873674
3.7198804285
1.86178601454
4.33333623516
3.78099980197
3.84942879437
3.54634330841
4.40897941619
4.23075102629
4.24913945897
3.29277406559
4.04356850055
3.77714741651
2.34173951071
3.57847383084
4.08908844768
1.10435433057
3.8632881884
3.86131594589
0.944384296785
4.15505640603
4.28184446953
2.35770001803
4.48388524545
3.79568282346
2.24623362224
2.54806797599
1.41329466154
4.41701801178
0.920158304746
4.43265009358
1.4506496489
2.21755326981
4.32909176089
3.8052169155
2.0647143854
0.657471193275
3.12841357978
2.92706887922
3.14690252466
3.1860772022
2.56046357862
3.7022366435
4.26878794804
3.97449136349
3.8126362401
1.02543326915
2.23257936548
3.8104283533
2.54331326425
1.84486799325
3.60974741921
1.99920750319
4.0610264686
4.16004721617
3.68065419732
2.93736645347
0.922081159734
3.76717085735
3.86923922139
4.17646838208
2.47945182708
4.25335987893
4.12494211546
4.29354086797
2.74202813807
1.19591354967
1.70857909705
3.12652136233
4.41875657521
4.26576505696
4.00401043167
4.21122500497
3.76273849698
1.65206815056
2.55388881596
1.66085343555
4.02461021787
4.29955549212
3.51480796943
4.46601667123
2.48437988714
0.915853638962
1.06944753464
4.11706628621
3.14709731322
2.21812113528
0.569260806558
2.70012251296
1.23148767918
1.38635539759
4.25724562457
3.65667568335
1.50406763605
4.29841630966
4.49555702785
3.85095882906
1.50810107139
2.32093393539
3.10752143854
4.11162083602
4.30937644827
1.77298914912
3.77903246939
2.53472120467
4.24486436998
2.65363527179
4.4021983923
1.17012028905
4.32358089895
2.0358091668
4.31020335637
1.60305931577
2.16551868327
4.39271778005
0.709162238014
2.81549588273
2.1839605639
1.72996012999
3.62434963566
0.577746167951
2.2792673778
4.21298424736
2.89516156968
3.20477000247
4.49091015205
1.44561854174
1.47488109813
3.82747586876
2.33983512546
2.86100638678
2.84983461569
0.50672099141
1.84035647592
1.39068492712
2.12383441541
3.16944886655
1.22387511246
4.11474155277
4.3951140201
0.714642687805
3.15677219984
3.71847272362
0.439385244713
