4.20155118408
4.51553908862
4.06449604007
4.18548429392
3.6690065121
4.51553908862
4.20139207258
3.96748292984
4.51553908862
4.07682587246
4.13315125162
4.32103370225
4.21227024232
4.46998320922
4.51296697093
4.42362451482
3.51576470932
4.10520008488
4.21954426125
4.28125709982
4.16303195183
4.01650313233
3.54515231484
3.75058542825
3.99686354015
3.99665024895
3.77286132413
3.72571271356
4.25480495973
3.62426409863
3.52787826987
3.92126720682
3.66972205074
3.96416217974
3.85125824141
4.31203618208
4.1050918112
3.74831162204
3.87650654108
3.75924908133
3.27161723185
4.26315974749
3.27203292912
3.66498137491
3.40090119056
3.81147710638
3.09513631839
3.36998860902
3.92743904668
3.72925595923
2.91728289606
2.92030147328
3.07113179081
3.95768883069
3.93835604171
3.99401156475
3.60740866428
3.27493998518
4.17340922841
3.58258200201
3.48345942844
2.66397191421
4.00326185433
2.48517313881
3.87810594218
3.4404142674
2.68227722167
3.12264439265
3.27994879397
2.97814239603
4.08930549091
2.27126079335
2.50225902039
4.4324308428
3.62482528411
3.64578577525
3.65669629337
3.19528309238
2.28689943392
2.73689092048
3.1436519295
2.44968329081
2.13184300406
2.75064099978
2.71291420273
3.41439161589
2.54867255148
2.39978697528
1.71360673085
2.56960395514
2.69103820043
2.99501877759
3.49904053701
1.89196234571
3.88519947995
3.06024255642
2.65018678874
2.29132723986
1.85796269052
2.16746801011
3.79149226311
2.56172046803
3.37064932813
1.80410977636
2.30866179698
2.75397836832
2.94543133725
2.12180260554
3.58779142014
3.49623856471
2.27076896555
2.18482738873
2.92838789876
1.45448202173
1.09842231545
2.44625584778
1.19668477308
2.837104846
2.76014173337
2.80888194732
2.66677133093
4.44606212329
3.83848449319
4.4365940572
4.34476729904
3.75298454552
3.86462309535
4.14045080204
3.9845890032
4.48252942377
4.29643844469
3.88280938902
3.91840855779
3.4493476077
3.85262340371
3.80147215892
3.67048587443
3.81161250241
3.25219467081
3.68385939804
3.42862753448
2.62591365745
3.52910064222
3.04705599125
3.73880466627
2.98342635129
3.12352775088
2.88915987595
3.57617386874
3.78202393835
3.45584326074
3.04888666776
3.63898831713
3.23023796039
2.84176233442
3.33457023972
3.35786327769
3.11764956851
3.16629872413
2.73036603566
3.23478079794
3.18223159773
3.3631004852
3.25682449297
3.65768800418
3.14721806302
2.9944077588
3.08334241408
3.36816874337
3.73243705677
3.1834790317
2.48744142876
1.83315515085
2.27879670389
3.89979100624
3.24164593758
3.29184268971
2.14607982097
2.90246119357
3.40066571599
2.80220590673
2.27080959116
2.33296286996
2.66044461261
2.58172322013
2.71677637628
1.67285687545
2.58093019471
2.96104300209
3.02116912739
2.05143104752
1.75157182587
2.70124868459
2.68678494367
4.34620927029
1.97089890954
2.13503437226
1.82033541614
2.99820520521
2.98977776236
1.90705099012
2.83362924614
2.63506139055
2.62136802617
2.00034633906
1.44116213789
2.41009697103
3.01746139519
2.28140643732
1.69408543829
1.90931666059
1.09253614461
1.95342116469
0.465312976789
1.40657404051
1.63423188533
2.45930758087
1.42179771253
2.39894085927
1.06624558264
1.90768458361
2.62330739369
2.32524015474
2.89013467861
1.27926396648
2.31491265602
2.22697027261
0.541276658943
1.71127985956
1.28004477939
2.34719481304
1.38537400758
1.48970187303
1.88104315762
1.23705433376
1.80480600802
2.26913185528
1.43998154736
1.03168522698
2.47775129403
1.87926153682
2.06984068875
0.608440033197
1.45687924971
1.61012079007
1.60923829592
1.37166897909
0.366060682892
2.3505287168
