4.58400342013
0.805996259266
4.44625880041
4.04344016774
3.69247894935
4.6200953076
4.64978850238
3.52764406402
2.90229086812
1.9279008707
4.07967901494
4.49369867824
3.815761432
4.55368915013
3.72826470218
4.7629276281
1.14910234781
2.30426840135
2.41266192948
4.43585429918
1.70543434523
0.872677674352
4.71902003311
4.68402545056
4.75742947271
4.06289737681
3.25144036841
4.06346450117
4.65477952831
2.97960091198
4.64793982539
3.75212439294
4.51878390311
4.15595543857
4.20714615107
4.47719361358
4.47644217904
4.57226141858
-0.329839268437
4.81614853382
1.25286906993
4.6102988648
4.69084128033
3.88884071806
2.85767343683
2.39892196158
1.39584306669
4.768294514
3.42084641826
3.37682656544
2.35579715211
3.76156010031
4.76720264806
4.26714831344
3.5270646723
2.61597356744
3.88565100852
4.72870763328
4.42921866283
2.62904109926
1.50011997084
4.46955241017
4.66316913903
3.84054328798
1.72554039312
0.946329954927
4.23876840347
4.33969893447
4.13175510545
4.1273959727
4.76828940877
1.32709211999
4.67153716567
4.66481996436
4.66186055637
3.79459389711
4.28648693453
4.6422342244
1.2592107107
4.44914362027
1.87895508531
1.4702066184
4.20116622829
4.74526846194
4.39271632149
2.66833188428
4.02742734464
4.54576654946
2.94572743556
4.62966991144
4.15573059928
4.60812999848
4.44458569145
4.38497852499
4.41284650402
4.71722476026
4.31779010168
3.56397253079
1.61187370711
4.65487298466
3.66854369403
3.7508953056
3.17471613744
4.6573156873
4.24186927449
4.09699013708
3.50701566637
4.59950086664
4.39842250105
4.60164195476
2.91374107581
4.36879902196
4.13731771277
2.63032746655
4.14973093312
4.59817994374
1.45382423982
3.96171965094
4.30854408318
1.08737048892
4.51351906694
4.59808010985
2.28264695055
4.7715651551
4.21007094749
2.30114142407
2.71726347305
1.12546764575
4.60442362048
1.03794178807
4.63598299806
1.4429834238
2.34601448579
4.71057341076
4.22403078017
2.38776617223
0.435300500608
2.86345965487
3.08134333977
3.16045819192
3.96861935752
2.7449968144
4.42288604384
4.63969589769
3.99551667247
4.12341544775
1.2789531243
2.47901113585
3.95788548483
2.52572049145
2.11276556278
3.65112865956
2.01204415727
3.79174967114
4.46034489066
4.11514062369
2.69657430412
1.03785769256
4.01480319678
4.16901679137
4.62417117677
2.37595740477
4.53139811316
4.20710944152
4.59795938484
3.21928776513
1.03559135429
1.94997885576
3.35642777521
4.60422277976
4.44964508107
4.26357376488
4.48850047546
3.98428991181
2.02763602828
2.87494553962
1.62000805733
4.42134949866
4.68951504619
4.02844148764
4.72988653443
2.572233806
1.02595598894
0.747374784434
4.42263675228
3.46950112479
2.444755783
0.234595100066
2.89370166228
1.11474322938
1.29530331638
4.50808275574
3.93187441641
1.5674297856
4.53917097921
4.80125178709
4.05200867797
1.49464996686
2.45029535331
3.36996567174
4.54930263335
4.58040176834
2.24677372326
4.09229794291
2.95967523677
4.43343251981
2.78808394461
4.75967166736
1.60720287659
4.54695952104
1.69433102846
4.63372972623
1.61524039799
1.84478772892
4.7406674714
0.555233239723
2.95434244712
2.56452714539
2.15211248235
3.96885620992
0.242753044037
2.48311070667
4.55468836251
2.82838149276
3.53226563903
4.79090567514
1.68695212398
1.50207784796
4.23118655515
2.62408533304
3.26381222005
3.34820051924
0.0911757974423
1.66131288542
0.934795896437
2.28717457689
3.51530766426
1.73185335957
4.5584598575
4.56815750346
0.568138482495
3.7896382635
3.99783682433
-0.0627519519525
