4.58642452338
0.406973135837
4.28062656358
3.76607216383
3.8281582392
4.59327364833
4.38157009502
3.49189863714
2.40994698425
1.74554834744
4.08740934414
4.44612963561
3.8422587083
4.18752102922
2.96576298817
4.49434312537
0.973060628361
1.95276562227
2.00131915335
4.23548239574
1.43146209017
0.818024285882
4.50040501695
4.49103231053
4.65738592817
3.72953528346
2.60575025801
4.07504394645
4.61530764633
2.48722271949
4.61224388658
3.6355808903
4.11574115784
4.38796312482
3.75820250711
4.32397359155
4.54219201956
4.07933827292
-0.0880421109416
4.68162307447
0.637758095409
4.36461731145
4.63358446862
3.66657801367
2.99099226945
2.36714189028
1.50865539433
4.66164302523
3.56888593022
3.22210473392
1.81049700179
3.63901537962
4.66317666814
4.13904558401
3.79810327925
2.3243403788
3.83042683501
4.50665384546
4.28684548701
3.09007737325
0.717143172735
4.27877049196
4.61706022561
3.77474945266
1.92610125484
0.469079831525
3.95289014825
3.85502917594
3.88409826617
4.02536776862
4.53145336973
0.930914147565
4.62563417462
4.45229405922
4.61502896413
3.55251950193
2.79678331674
4.41270376846
1.23331645466
4.33222756401
0.886619812044
0.703131205024
4.41493737081
4.65273886862
4.3309701448
2.34910970636
3.56466389303
4.18827658187
2.36576187979
4.51791340567
4.22334813424
4.36240492733
3.90095903532
4.21861092503
4.15083791448
4.44707696765
4.35077866627
2.54341719804
1.31993290682
4.33872204889
3.38324439141
3.79587514405
1.47335698251
4.48149471224
3.81647188424
3.92358948405
3.60138258556
4.58546998224
4.37897576615
4.37981022901
3.34173440712
4.1393196799
3.82652310272
2.15376207765
3.56710278506
4.17393436201
0.697767029879
3.95471742241
3.91514352395
0.533961958672
4.26947571947
4.42169686768
2.2137080091
4.66217156444
3.84119641884
2.06856294435
2.40863974831
1.13266773937
4.59370129089
0.509155185446
4.609708128
1.14397416336
2.02659866115
4.47007684075
3.85095907618
1.8251086867
0.240170551379
3.13678966415
2.85209524877
3.12518521546
3.08132329217
2.4213325166
3.69383262227
4.40106456811
4.09476078488
3.87405948388
0.616953956451
2.03087054651
3.88859381715
2.42315006976
1.57458738306
3.66630671315
1.78202444953
4.22917539376
4.28180989744
3.70532307146
2.91062583675
0.511124137948
3.82750413796
3.9411804266
4.28440303548
2.3577576521
4.3925294025
4.26498481932
4.43762546961
2.59863691143
0.863500459188
1.41724806773
3.07847675235
4.59548153373
4.41866809637
4.1036118812
4.34421667053
3.82296551852
1.33612753337
2.39798954535
1.39357098252
4.11233014158
4.43466474631
3.50191063179
4.64387461842
2.34342483474
0.50474732187
0.734002614456
4.2305748445
3.09179437221
2.01606570231
0.149845455264
2.58371858089
0.899927424168
1.0781385555
4.40046010314
3.69516555276
1.19867276523
4.45034957555
4.67412316001
3.93009594921
1.21196388737
2.14505408351
3.05126972633
4.20900346626
4.45948611262
1.4664071017
3.83434638222
2.3639665763
4.3934274557
2.53611687907
4.5583722127
0.765109626845
4.48177079415
1.86748972727
4.45468741574
1.32039537792
2.01691942014
4.54866431724
0.293100810027
2.72476032947
1.95828733614
1.42234652751
3.64943660449
0.158534240246
2.0897922707
4.33897117166
2.84157046176
3.15860128422
4.66936488245
1.11019434515
1.1687865246
3.88049218262
2.15181203767
2.74845940005
2.72502326653
0.0858063434935
1.61936521131
1.12532317181
1.90963910176
3.11468176992
0.82015314011
4.21219899743
4.57127218444
0.298712645238
3.06811089788
3.76644177361
0.0168563250345
