3.96750072354
2.82935327857
1.61123958992
1.38739524966
2.39241516614
2.06351881236
3.25849757465
3.39653908843
2.23309687597
2.59754595688
2.99823667175
3.27244905302
3.35290520435
2.76389862129
3.53461844367
1.42652570033
1.96197700979
2.45346357902
3.34175669941
2.13083533538
4.29924211216
2.18715137373
2.98646163376
3.69126817241
3.15467482134
2.67254087433
3.61546616665
2.65552097736
2.11889269185
2.32092966124
3.70054696205
3.56921769801
1.52511452836
2.22282212976
1.97082081012
3.10472625416
2.86199595881
2.09743224927
2.80592575829
4.19038944811
1.40275797109
3.51507766762
2.69110098371
4.35397982753
2.6913477556
1.43699604595
4.12252013521
2.90749120774
4.26336417226
3.29750186488
1.38495300057
2.205498442
2.48326468939
1.53124086094
2.8948481995
2.22364987425
2.086039366
3.20556259607
2.22502093656
2.66782751753
2.91489650113
2.07313136287
3.07591688524
2.95162141164
3.86935263279
3.44146527003
3.33414304305
4.42779027704
2.41716269671
2.80074639657
2.46358857745
2.91139187256
2.23179464265
1.58633440395
3.82681888818
2.75718325741
3.1242679937
3.69279019549
3.40237042857
3.05545133946
2.32759553873
2.9358003822
1.46857159554
3.27556904982
3.43053345254
3.84299292343
2.17770914636
2.49227196824
1.85625964862
1.79843715275
2.3019759822
3.48228442493
3.36443714093
3.18279770214
3.84132584464
4.16882647094
2.82626301991
2.27749433316
2.60632797136
2.86740895664
2.57301181362
2.71424125119
3.39813522917
2.67506136276
3.21751354313
1.98100272076
1.96999407437
2.27283622518
1.16275250542
2.2618401639
2.90934155103
1.61885281502
4.31876485105
2.32802142852
2.15648552629
3.87287504669
2.26221415786
1.94993783508
2.733153759
2.34538460078
2.45902114265
3.94866901772
2.55258031754
2.85701193029
2.15101342168
3.1821382744
2.11985316464
3.17299327197
3.41468876782
2.96169934341
3.72870811859
3.07645965407
3.9968766106
2.12888616876
4.17265712904
4.27560224504
1.55566631571
2.80570157401
2.81304113632
3.37478607849
3.93701656928
3.39842138988
2.27739295237
3.50611567153
2.63112603229
2.46936411383
1.89807126141
2.90636888599
4.32780824799
3.09832575301
3.45744233522
1.87499747834
1.7768713605
2.85316799304
2.52709233803
2.92200401247
2.68979384502
3.50334540474
3.59457690847
1.91073734142
2.21807266156
1.78785042296
2.97887529473
3.79986774511
1.85663744482
2.17975648809
3.05232900876
2.38824756802
2.62370649478
2.88248097458
2.96953995581
1.38392184739
4.21656418209
2.03775942305
2.92449655897
1.58400412918
2.48192417393
2.4156283103
1.90044594528
2.52214726968
4.23567997588
2.83124346612
3.28857420789
4.06978032871
1.95536178915
2.57942747398
1.1774330492
2.88919844743
2.16081086707
1.99958964753
1.86144794347
2.47116662724
2.73249803614
3.33530316818
2.42879075206
1.54517130133
2.57497655959
3.12997176553
3.33724221692
2.44826045144
2.81944320849
2.21982930661
2.17639133978
2.88120728051
3.90225490514
2.26533380525
3.0342372182
2.79484043642
2.91245727654
2.75242096324
1.94419791038
4.32224860121
2.05067987093
2.0404473156
3.33556886932
3.33904916984
4.19884731296
4.12306733657
2.23717262301
3.64356913229
3.6481588974
2.56431967668
2.42462248955
2.13873874916
3.05104183519
2.75527592834
2.37593002002
4.39645573456
4.19619309572
4.05951315939
2.0606622414
3.20565941483
2.92235992675
3.55944511618
2.32289995541
3.04757616102
4.28570769884
3.03760224356
1.93277592786
1.73961990028
2.25313390852
2.14394542691
2.3148156805
1.55409091213
2.7284091138
2.34869563862
2.93894423571
1.88695967515
2.34960968316
2.4527151838
3.72051631811
2.90956793211
3.36738810391
4.27110332155
