3.95783754505
2.83596614785
1.60853515466
1.38627656126
2.39033242417
2.06465434896
3.25478482963
3.39030925292
2.22762868602
2.59778643669
2.99692737634
3.26841345933
3.34617914902
2.7581951015
3.52466967949
1.42248416188
1.95927230777
2.44965205764
3.35890405344
2.13119071765
4.29216117859
2.19658785573
2.9932533684
3.69370535583
3.15807546989
2.68002583431
3.61168755851
2.65464257087
2.11986561951
2.31992133809
3.6988757108
3.56469503736
1.5225183643
2.21692181148
1.97916134627
3.09658948099
2.86885318865
2.09015853613
2.809474736
4.18856993845
1.40364294716
3.50741825404
2.69772538108
4.34768701476
2.68566408686
1.43676173254
4.12144214705
2.9079638141
4.25776107566
3.2924086043
1.37510409366
2.20461378828
2.48690954794
1.53009803177
2.90078489929
2.22252881585
2.08986025485
3.20210966108
2.21964638221
2.67146522369
2.92016565485
2.0663989868
3.07505177806
2.94989404535
3.85952376495
3.43480513338
3.33395230063
4.42603363678
2.42502360166
2.80280131156
2.4644130989
2.90739454118
2.22634067834
1.5837350508
3.8257243671
2.75245697752
3.12550450057
3.69193820562
3.39735221601
3.04823879617
2.33010414017
2.93053840653
1.46461037814
3.268558233
3.43177664702
3.83683704788
2.18516014996
2.48957161905
1.84637898801
1.7964562558
2.31504649308
3.48121874785
3.36100470107
3.18020361166
3.83613455518
4.16588144308
2.82131162684
2.28065885597
2.59835368366
2.86753422288
2.56576973618
2.70694276076
3.39736325444
2.66971796536
3.21069917017
1.98191821546
1.97502036654
2.27149798587
1.1577059594
2.25392855991
2.90954815329
1.62219575502
4.31414089094
2.33043626142
2.14694032444
3.87678213652
2.28026570794
1.94767941092
2.72925647672
2.3497883969
2.4526481385
3.9476389952
2.54911819735
2.85067299019
2.14227529175
3.1774443353
2.11522552946
3.17402199312
3.40977181052
2.95754291522
3.7204706834
3.07453638003
3.99890830597
2.13506018211
4.1678775982
4.273790521
1.54890368245
2.80111032883
2.82453482776
3.38183871286
3.9426733453
3.39035788256
2.27785534123
3.50663012737
2.61884246324
2.4767349901
1.90619438891
2.90962890677
4.32483719609
3.09554618864
3.44969255897
1.87569659009
1.77623036216
2.86100679408
2.52599395433
2.91977431603
2.68677649608
3.49870090108
3.58770864443
1.91197152177
2.20967281725
1.79038936399
2.9727177472
3.79533089773
1.85421838225
2.18977198989
3.04867711269
2.38739847882
2.63283507528
2.88420433478
2.96438265838
1.38004796503
4.22530168371
2.0390275346
2.9169194248
1.58593865888
2.47471503817
2.41667722464
1.90578482377
2.52611666048
4.22723951548
2.82449790901
3.28499666247
4.06599867471
1.95712861181
2.5841252114
1.18714269282
2.89056623638
2.15220173874
1.99091770389
1.86530696742
2.47497090063
2.7273429664
3.32311102763
2.43738860239
1.54162040921
2.57154548314
3.13039573734
3.33984087307
2.45071248355
2.82104814685
2.21157332921
2.16707384262
2.88032647575
3.89850893043
2.26265252032
3.03219436481
2.79642190091
2.91576508458
2.74608668694
1.9404780838
4.32821112805
2.04336897594
2.04151021239
3.33830379253
3.33312939293
4.18999552432
4.12882288201
2.23988754955
3.63985529403
3.64786439462
2.55626476473
2.41768742055
2.14258580229
3.04183859178
2.74911639845
2.37713663402
4.38778901408
4.19792997612
4.05199160072
2.05842516989
3.21953508037
2.92105117389
3.5532717547
2.31702117101
3.04910876561
4.29230984214
3.03696615293
1.92827203665
1.74409900565
2.24816302162
2.13947332125
2.30764919705
1.55397481956
2.72817551582
2.34735409707
2.94126840705
1.88259877395
2.3521266113
2.44915705826
3.70786739529
2.91288864639
3.36434705753
4.26224694938
