4.41204028707
0.820413871658
4.16647298014
3.73001535565
3.7409139105
4.42379611089
4.26376673939
3.47089871191
2.55898095227
1.95766562434
3.98066487055
4.29890853802
3.76347481908
4.097976943
3.07218653703
4.36246114154
1.2912115903
2.15731689983
2.20483286152
4.1281640216
1.69392212823
1.14517510532
4.3631719932
4.34955411458
4.48619691211
3.69232453594
2.75810153807
3.97138541289
4.44514244872
2.62666430994
4.44323209814
3.60302031807
4.04018917151
4.21544685312
3.72900427518
4.20284940614
4.36782514661
4.02158787613
0.326943604435
4.51175948279
1.02807051624
4.24598974763
4.4636981817
3.6377187033
3.01492254141
2.48296970457
1.73304950292
4.49331423485
3.49974870821
3.25148165538
2.04851113447
3.59845169194
4.49456847427
4.03556400277
3.6959557495
2.48134962531
3.76102625892
4.36823522776
4.16459662204
3.05708801742
1.11985429536
4.16410071043
4.44523861221
3.70560679039
2.08116626339
0.875931688236
3.89135454581
3.83021946842
3.82148152743
3.93274324653
4.39153906412
1.2638955112
4.45586571376
4.31933494899
4.44411934373
3.53543902598
2.99772098425
4.28501038373
1.49535353679
4.20350167688
1.27525644011
1.10129583638
4.23128375405
4.4829270324
4.20368637263
2.48896506366
3.56932375323
4.1005774957
2.53133895947
4.36702936501
4.09453535578
4.24054858744
3.8723013398
4.11470308608
4.06373710352
4.32011271794
4.20284823839
2.73388631656
1.59837646228
4.23207946175
3.38461833804
3.7232774408
1.86701322588
4.34226685495
3.78379663313
3.84628941254
3.54696755391
4.41350224739
4.23806537433
4.25675487684
3.27796431762
4.03617095168
3.77802096879
2.34242519118
3.57732040315
4.09506473624
1.09540796366
3.86611851599
3.86451069886
0.945304584099
4.16193512946
4.28218218836
2.35449442226
4.48849123744
3.80501047438
2.24612078232
2.54929054067
1.41494217401
4.42470293309
0.919377025659
4.44093997901
1.4549738099
2.21878972508
4.33889519066
3.80966652567
2.06327295763
0.659029342729
3.12595002755
2.93058471151
3.14220539316
3.18931553871
2.55121635507
3.70202876531
4.27844868558
3.9691780083
3.81245558288
1.02873969853
2.23773156561
3.8089705179
2.53236251311
1.8461249831
3.61486346225
1.9982382371
4.05612463599
4.1707752208
3.68935052147
2.93631491144
0.919028526222
3.76536906701
3.87374130245
4.17948693392
2.47448658411
4.26025687903
4.12326161578
4.29143338505
2.74127085584
1.19733558823
1.70188875889
3.11946084048
4.42262778724
4.27078134684
4.00496956801
4.21752134585
3.76336401324
1.65330888116
2.54474633334
1.6573516401
4.02856082464
4.3026194914
3.51681364477
4.46833229073
2.48198896122
0.913767330304
1.07159448158
4.11321399422
3.14039517155
2.21871896413
0.569031483525
2.69069291656
1.22688275574
1.388101465
4.26238880993
3.66229521439
1.49571641277
4.30777224869
4.50553752854
3.85121917239
1.50484049606
2.32143277554
3.10760214819
4.11958907357
4.31491291076
1.77343345857
3.78148001994
2.53412301716
4.25099347794
2.64692778009
4.41183331047
1.16533485166
4.32166491669
2.04044099374
4.3188870674
1.59185329823
2.16701282794
4.40288944519
0.710543441782
2.81257434593
2.1808802782
1.72348895912
3.63463319926
0.585735401584
2.27578044078
4.21968746858
2.88706933753
3.1997094257
4.50069810237
1.45421277469
1.47744464034
3.83641926211
2.33651704674
2.86242066046
2.84720670953
0.512312554601
1.83363685515
1.39420132237
2.11669037397
3.16829732989
1.2202630771
4.12136877986
4.40281342918
0.711922582914
3.15474305262
3.72011929098
0.442732055001
