4.19446887062
4.50509800856
4.05500115739
4.17405466092
3.67300241402
4.50509800856
4.19235928769
3.96546255151
4.50509800856
4.07392405125
4.13800348528
4.31757389606
4.20344751698
4.464241912
4.50509800856
4.42748515752
3.50585210161
4.09959500421
4.21339475528
4.27563346648
4.15742674803
4.00868158179
3.54576503988
3.74248961716
3.9883896162
3.99119764258
3.7735578519
3.72030763595
4.2489711629
3.62059821031
3.52979899122
3.91649440794
3.6711813384
3.9633720481
3.85285676664
4.30302520843
4.1115332621
3.75060582718
3.87241970653
3.75559076314
3.27271794993
4.26480487669
3.26611296042
3.66657478287
3.39996475975
3.81893632837
3.09587121619
3.36586741072
3.92202733065
3.72342075183
2.91887054788
2.92169600802
3.06649012723
3.95593203066
3.94251351361
3.99280509902
3.60767808684
3.27903472366
4.17011334105
3.58252655023
3.48787432754
2.66175914009
4.00409228672
2.47664732424
3.8827486766
3.44541332955
2.679283671
3.12415076569
3.28341068706
2.98600639344
4.10277278937
2.27654571721
2.50567930234
4.44013888473
3.63361454154
3.64498863232
3.65504341196
3.19564211459
2.29213877267
2.73678600583
3.15026644578
2.45487108266
2.12465007604
2.75042409725
2.70822777547
3.42483967189
2.55988810173
2.40573970417
1.71974039417
2.58197562335
2.69649783035
2.99374424191
3.50871958893
1.89895023321
3.88343756322
3.05750625885
2.65290001573
2.30804904465
1.86283377256
2.15900771973
3.8002453326
2.56957198278
3.37378924336
1.8139511815
2.30874053438
2.75739934873
2.96265326213
2.12391209205
3.59261935242
3.5083753415
2.27799445656
2.192288279
2.93055316539
1.45746704285
1.1030176296
2.44934354757
1.19446946782
2.84780112288
2.76763900973
2.81316887589
2.67113171435
4.44214769791
3.82693241591
4.43280550669
4.33597745752
3.74361506109
3.85659275595
4.14252630253
3.97680614294
4.4740981647
4.28843971877
3.87495298685
3.92120652287
3.44926038601
3.85286381891
3.79215882556
3.66590244121
3.82260869098
3.24190565186
3.67569585447
3.4217134047
2.62651379681
3.53352543877
3.03893427379
3.73576497051
2.97790295083
3.11591477493
2.88327680949
3.57468337804
3.77566445143
3.45672522569
3.04293246823
3.64023677237
3.2239718685
2.84643980827
3.33706278698
3.35021987103
3.11659462841
3.16568401506
2.72565488515
3.22459778358
3.17426349913
3.36197303665
3.26118782655
3.65740769006
3.15217153318
2.99411749484
3.08582253004
3.36035596489
3.73286334513
3.18393999452
2.48549283031
1.83544248672
2.27883804453
3.89491232889
3.23790921291
3.29408489221
2.14296574638
2.90893325637
3.40139777557
2.79723937879
2.28144944174
2.32831657078
2.65804763593
2.58562258414
2.72336866754
1.68874992602
2.59518583526
2.96369801645
3.02040235551
2.05479831036
1.74829341084
2.70541009532
2.68528696201
4.34900449451
1.97289181755
2.13969062653
1.82294811079
3.00161252136
2.98534571391
1.8998747866
2.83207514588
2.63765836521
2.63346053081
1.99618563045
1.44988409897
2.41059212072
3.02366384372
2.28006844917
1.7020781973
1.9073891217
1.10394778353
1.95466712166
0.469281481721
1.40918582478
1.6282500491
2.46374482615
1.42202451947
2.40397993797
1.07511586699
1.9165858848
2.62383673481
2.32672475645
2.89433313326
1.28113410096
2.32787232622
2.23648348957
0.545964499541
1.71484837123
1.27605404298
2.3547347646
1.39957174218
1.4901007765
1.87199531916
1.23029823657
1.80070755691
2.27034444982
1.43765926591
1.03820495164
2.47991820265
1.88622063646
2.07011934577
0.606098436919
1.46858967631
1.60621359742
1.61759534222
1.38356486662
0.373454701916
2.35955301393
