4.32001191702
4.68389287117
4.15102641724
4.27293404683
3.6836565477
4.68389287117
4.31785176005
4.08551552091
4.68389287117
4.19657721957
4.25201398098
4.49187315427
4.31902693346
4.64205731205
4.68389287117
4.66040320645
3.52327669851
4.1846927972
4.3464384373
4.40312231019
4.26490490731
4.12977066148
3.56414648856
3.76558723735
4.08281796601
4.07369677426
3.87883131973
3.77951744236
4.38286773499
3.61023703224
3.56893842749
3.99720264358
3.66203281363
4.04520410362
3.91524423615
4.43821764377
4.20891379289
3.82733713726
3.96406785475
3.83244157946
3.22042657197
4.40820057679
3.28924141647
3.7692834949
3.41485086922
3.88051060715
3.04709181574
3.3493994505
4.01486474594
3.76720197432
2.86584782654
2.83350644069
3.00925475195
4.03758572312
4.01621135815
4.07534276702
3.66418777169
3.29102172008
4.2950725008
3.60178930002
3.44849260342
2.54443550471
4.12507134506
2.35488591558
3.94585275904
3.40985842285
2.53438824152
3.07604932428
3.26496595273
2.8764560911
4.22611756216
2.06601142396
2.36523487091
4.61737645149
3.65410204795
3.65920524996
3.69718539208
3.10791265952
2.11556860071
2.62126102505
3.09503947988
2.28220216948
1.95846046173
2.61584704875
2.57263913456
3.44032211942
2.35614650973
2.21929657808
1.48293819631
2.41235384755
2.56062798191
2.90117459347
3.54735367871
1.62337982853
3.95841356122
2.94967005667
2.53536399637
2.15425383156
1.60879106525
1.96092395127
3.8361787971
2.43065928085
3.38804783479
1.51598529575
2.08605871598
2.64236854139
2.87544558246
1.90971864058
3.62357530091
3.52586042922
2.13209162843
2.02772018737
2.90364921049
1.1368611611
0.768377501208
2.2909379637
0.902010211943
2.7517327109
2.6168640738
2.69947505784
2.53921352144
4.61943342289
3.88869838869
4.6098672669
4.48107941163
3.80338362744
3.96385685889
4.26682410513
4.04216510959
4.65214985337
4.46204052954
3.90122621417
4.01402426055
3.45878471765
3.96003852627
3.85309115458
3.68062043549
3.88427100905
3.18887559608
3.71833294538
3.43712090475
2.45795975575
3.54506989645
2.96664244545
3.77984212681
2.90414798966
3.04546843662
2.82164917453
3.59375809974
3.88098842177
3.47297208072
2.95154203245
3.67233427583
3.17826348568
2.69755400122
3.31990427986
3.33337678493
3.11814380621
3.12342302495
2.58187113476
3.20474309965
3.19519000452
3.34541171475
3.21637163953
3.67192203565
3.13058054042
2.88476164378
3.0626409212
3.38574375313
3.74918662489
3.12952030056
2.36394347916
1.59034034416
2.10194900791
3.95830801633
3.21837365017
3.24230575408
1.96281937878
2.7975352432
3.38578160162
2.70606615372
2.15500846175
2.13429172364
2.52125600276
2.43048408219
2.55713657418
1.42213624877
2.45688718635
2.87040805561
2.91167664387
1.8260286147
1.49150477316
2.54935493625
2.4845516163
4.52405725335
1.77034620438
1.94114376025
1.55955163021
2.84205089976
2.89868205114
1.68031038265
2.74173705515
2.48376734169
2.51545847946
1.79419845089
1.14319026054
2.20327138542
2.91501632128
2.06961860804
1.41059131883
1.6750855157
0.697350736495
1.72349693356
0.0474692786981
1.13587002487
1.38925450985
2.30568449096
1.12382378148
2.24448683079
0.768598523493
1.61344634998
2.54159357647
2.1653795742
2.81857471325
0.990752497405
2.11856851009
2.05857906714
0.12599065484
1.41450664685
0.965192894245
2.19406107955
1.07204104605
1.22712236445
1.63884320077
0.89391085197
1.51158516681
2.04674214389
1.12303819631
0.721641733944
2.33885618817
1.57589346777
1.86990461421
0.187566211593
1.13001136493
1.31242851147
1.3149221249
1.06764696636
-0.0506548019062
2.1608881944
