3.88545592857
3.633193303
4.14409808691
4.07306775441
3.75337352948
5.0
3.97831525626
4.933202066
4.98557389126
4.45312579467
4.45382140504
3.94250675697
3.83395452015
4.05598011861
3.16072705149
4.92562411245
3.29939230829
4.09489033444
4.84628106468
3.95130999014
3.80915501787
4.01234747305
3.15772988381
3.92302225793
3.13230258198
4.0767464696
3.2362800481
4.16599973527
4.81398736669
3.87913230207
4.556256091
4.00293671265
4.65412412768
3.86512506515
4.70824939782
4.11212630667
4.6061733227
3.68688534043
3.75257677478
4.92838707416
4.16991245374
4.51895077619
4.66760517592
3.16471266776
3.94861503548
4.86157595966
2.84732650386
4.36693433553
4.2002817545
4.37197241335
4.24377550496
2.96664488922
3.20772919523
4.92787439903
4.90413734008
4.48322373436
4.95960708603
3.06312677105
4.15770008774
4.56426161913
3.32229078389
4.36868739206
3.33739777089
4.09501828413
4.45382879227
3.23950340961
4.91300849972
5.0
3.62093490477
4.28321372876
3.99012121319
3.84794150126
3.9535331384
3.86310018983
4.49821982804
4.94475693781
4.40309865276
4.77051307328
2.86964396119
2.99234253029
4.87841042702
4.00530487871
4.6431922799
3.76911696808
3.90688017875
4.79948630671
4.27475935307
4.94974787103
3.14319163926
4.10185434989
4.81111529521
3.29157433915
4.89576048139
4.92821188829
4.11207969576
4.49492402519
3.97960451645
3.4882437633
4.92008876985
4.09247544774
4.78163757152
4.56848073099
4.39493544147
4.63005776383
4.2149667318
4.52900938084
4.15849551234
3.89831910839
4.85158961998
3.78720728822
4.3914593912
4.7565685595
4.29929304254
4.26194499596
4.0966846145
4.13746224439
4.18806563001
3.77282803418
3.03042651719
4.75249041623
4.60807630272
4.4272099763
4.00082088963
4.77669593172
3.79525966663
3.96531288533
4.58531213097
4.1260417722
4.62787325019
4.70834255102
3.4819942629
3.9368159702
3.7738379848
4.56728167766
3.32021411958
3.24755968112
4.10462452341
4.06804815447
3.35934350973
4.68100756608
3.15071360981
2.77756604667
4.48243836926
4.91874453245
3.27845598169
3.86162630513
2.72540679217
4.17678462164
3.90655638111
4.62268375845
4.48209883311
4.36978917015
4.67475324176
3.01118636523
3.88978282103
4.45765657225
3.51754936122
2.90471697396
4.12162763338
2.85815068261
4.40246827389
4.05261666974
4.84874671052
3.06263069976
3.68806497139
5.0
4.59559656442
4.23332255208
4.13506600609
4.13429765319
3.66409317834
4.11961793471
3.09217640645
3.91625265061
3.66237712932
3.33483663161
4.89104804315
4.29466039242
4.0876627279
4.7619110509
4.45132545206
3.89871360569
3.07005002383
4.58459390297
3.79985383797
3.45405764777
3.96800983529
4.73027740738
4.32323764084
3.31713568414
4.38427759751
4.71103564296
4.58665389217
4.03595095834
4.32777199289
4.03686434383
4.16625650453
4.88605124066
3.51410569987
4.05449281378
4.04384502721
4.25855092824
3.35716406223
3.86124274126
4.64838278173
3.36372425765
3.84086932169
4.83934190034
3.95974975576
4.09854626966
3.27243651595
3.91761986342
4.30202913372
4.56304606581
3.54232550818
4.03559020357
3.19462234057
4.86320478915
4.07170615911
3.66473068516
3.12458414148
4.18721047029
2.91818796998
3.16999863684
4.28296376488
4.16731162519
3.81597539074
3.94917960024
2.84535565092
3.033876955
