3.09235785495
2.83499595579
4.26582374887
2.84118535353
3.32789981932
4.00292156739
3.73888088723
3.45144384556
2.67600925308
2.18811531177
3.38086330153
4.00087829338
2.99871593471
3.98360241357
2.68403648703
3.50575088293
2.65165487945
4.45158734039
4.37265871211
3.5406884729
2.73795544052
3.85588379681
2.45886102757
3.33624006422
3.85802659021
2.80849449824
1.8287284
2.14232353741
2.3320278805
2.80998999258
2.00207797427
2.42406589143
3.39079993803
3.51372284312
2.9672895951
2.11084211407
2.48031887424
3.1604167008
3.44258629875
1.65762655327
3.5715404905
1.64423598077
2.10027251283
2.13504415573
3.12946031142
3.05459058641
2.22961699996
2.50845444775
3.44141438656
3.14388327559
3.66925692377
3.06307809274
2.27654459461
3.09037215765
3.67329684892
2.42720377336
3.57530841326
3.156161437
2.19496141314
1.96191899612
1.66366870102
3.21985168073
3.27151588615
1.96484886716
2.90137423757
2.51883546328
3.44330172433
2.91258566494
3.76155697905
3.0600561275
3.18232642576
2.89396042849
4.07444935841
2.86959881103
3.05321244377
3.4937712142
3.91794681478
2.88942492851
2.83039505005
3.06835265606
3.69751486981
2.58687187927
3.08958271906
3.33259556444
2.96913356777
2.44438954724
2.77921264516
2.52188936164
3.08478308112
2.0878095697
2.66810186285
1.83456585274
2.09524364033
3.18897550895
4.14994039741
4.00544706837
2.4524395229
2.53586880885
2.55114749103
3.58528979821
2.45198316424
3.26713291463
2.46469186774
2.40748189108
2.48676957369
3.98258753184
3.03771691336
3.46053274408
3.05656384347
1.98833255624
2.60240091418
3.18461406343
2.60984962933
3.07765771119
1.95320583674
2.02918268057
1.61748669835
3.36440316556
3.77708066563
3.25327925019
4.44210441083
2.23235348265
4.0498535907
3.7876511486
2.69575128335
2.15785911688
2.59184255981
3.67651686442
1.33991169589
4.46476143594
3.57973079235
3.96506723044
2.0454000001
3.88769402151
2.8954953823
3.5415433461
3.05444377068
2.24931648955
2.15756906207
2.40032717865
2.63798067791
2.0974581696
3.58919915787
2.34911764859
2.05362842642
1.93910995226
2.28260152773
1.90911575291
3.10768638301
3.45967001774
3.83344476428
3.80579019071
2.91788440667
4.47403156379
3.66850098432
2.79486252922
4.17170877381
3.48956359468
2.03570769892
3.59575680978
2.64600336707
2.88397907042
2.36616211027
2.64966447335
3.19027692616
3.09777952883
2.63161911171
1.82053491313
2.67920435326
3.12712013186
2.13147329115
2.29988767177
2.01329447827
2.743671552
2.31718420513
2.12886007513
2.88006108261
2.99551337901
1.17034291288
3.24586461789
3.04903134022
3.34914755364
2.08219709145
2.84741727732
3.66346918273
1.84755755345
3.03347079908
2.55597992217
3.04486415055
3.09126840815
3.99082949437
3.67093815461
3.04286531182
3.0202999738
3.15128281445
3.15167242605
2.35750641162
1.93064290627
2.45703695793
3.3066441399
1.61573406183
2.38834281784
3.39841482864
3.44738630785
4.0811390922
2.47428247293
4.18183274545
1.83806200414
3.76562468689
