4.03190275986
2.72281885961
1.35799325511
0.986447915788
2.21611629514
1.77269868904
3.15167808011
3.44160785172
1.94874107844
2.44293954454
2.97161464185
3.24960918935
3.4412068647
2.59279791875
3.5120087613
1.09070414153
1.75640018764
2.32724347866
3.40944976051
1.86118792415
4.46585120567
2.01772699637
2.93426225359
3.72708468698
3.136626015
2.56314011504
3.69708505139
2.5371483266
1.93916546161
2.14401721074
3.75757171951
3.55299366605
1.12595590813
2.00495812609
1.84547347053
3.07366599336
2.72050470818
1.90874619625
2.71248750738
4.35977652366
1.00423063429
3.56152436241
2.66523973539
4.52270818903
2.56891353609
1.03814339201
4.2910394459
2.82453447801
4.43062641277
3.2741795813
0.975007605332
2.02594533839
2.25742533393
1.13371728656
2.9403478988
1.96871167286
1.81886662659
3.13372971362
2.04133831582
2.50398882448
2.80903692129
1.68287523851
3.08214859467
2.87546761342
3.92207106558
3.41998984985
3.35870710133
4.60293305174
2.20512949233
2.68885894698
2.29197294099
2.84634509202
2.04819309749
1.18864017126
3.88746137874
2.63730768437
3.1032742064
3.76726304902
3.4488196591
3.02415617466
2.09686075582
2.90363409781
1.14417574695
3.20177128864
3.41688876015
3.92763215616
1.94844195465
2.34012813266
1.55835150078
1.4064610425
2.16141903314
3.50950403686
3.3444201648
3.20127252218
3.8981211352
4.33654410623
2.74380262766
2.01423933298
2.56348575318
2.72715181308
2.44614490133
2.59070233373
3.381650359
2.5885747395
3.14252514308
1.7643206775
1.75725746319
2.03684960841
0.752397682586
2.04285205483
2.79816488133
1.35398654309
4.48835784809
2.17717774769
1.7653474318
3.98453024904
2.15379634974
1.67327721391
2.61355098698
2.1746002867
2.36630099482
4.11306962874
2.42909416727
2.68749282368
1.96211237155
3.15645921941
1.87683075835
3.10496868668
3.39435639127
2.84731024444
3.80847608569
3.00309805784
4.16556804298
1.86515015312
4.33858811613
4.44704013961
1.15297377402
2.77110317948
2.7471030999
3.36575364023
4.10798493496
3.37447704402
2.12333628018
3.53552461543
2.50048996602
2.3549756831
1.63079765181
2.83423717959
4.49931058083
3.02461154455
3.43523417874
1.57921095628
1.52970869928
2.77136229547
2.35503010345
2.80863620072
2.57005261363
3.55259802422
3.57655898922
1.52474561069
2.03112564987
1.50101961097
2.86284886985
3.85633927234
1.46560792779
2.01074773054
3.02460499915
2.21311201293
2.49543900944
2.82259893582
2.85431396
0.980069998473
4.39738885645
1.85638940699
2.88968862178
1.19089660749
2.30252185353
2.29347812436
1.71995240552
2.40554120367
4.39937314478
2.74706529608
3.22707194762
4.23426680092
1.71494370838
2.43694850307
0.782540116768
2.77872790194
1.77073498048
1.60558440704
1.64491385276
2.38915891111
2.647581212
3.30561804837
2.2866941078
1.14551589542
2.40167366064
3.10828270311
3.32274896633
2.22036050016
2.70754322231
2.0330717237
1.95391512825
2.76824265868
3.99078252798
1.99580132291
3.00772710255
2.73271205207
2.8405204629
2.63078467579
1.67989920496
4.50276539766
1.86083492777
1.82534130161
3.32117503663
3.31587658869
4.41722012173
4.29859712271
2.02847443267
3.67194365213
3.85191334631
2.38602661033
2.29451253818
1.98482386049
2.93362678119
2.54991126606
2.20260415606
4.56377157258
4.36936095394
4.11915302398
1.80067389243
3.19955902585
2.84593327813
3.4933103825
2.08346414244
3.02504700029
4.46600343321
2.90925851292
1.70938841343
1.47881223812
2.07053859815
1.92565292651
2.13145086385
1.1581664839
2.69641986563
2.13851732667
2.91462133372
1.62902990238
2.17699455622
2.27635116006
3.7667789659
2.88556121161
3.34784264915
4.43521982847
