3.17448714068
2.9644422458
4.14154936681
2.90235560352
3.34487113326
3.92207943915
3.69576272375
3.46552272179
2.79025245728
2.39579088413
3.36677291585
3.89274743714
3.08303758399
3.91961452859
2.81701707062
3.51855831183
2.79380483872
4.2782312618
4.25035634449
3.55267793588
2.83434640875
3.81948899488
2.62739396788
3.35301611466
3.78057677245
2.91963593111
2.13313614618
2.35107119605
2.4543244461
2.8859493998
2.22672596677
2.63883421755
3.40629862167
3.49652192301
3.05234700419
2.26565369106
2.62648018668
3.214113042
3.45687254966
1.84491815697
3.55298593195
1.94665466253
2.31000467854
2.31115836206
3.15107753121
3.15997036795
2.43632092641
2.62662047891
3.42590636665
3.16516282202
3.63723146789
3.13311215023
2.4672389888
3.17851227449
3.6411768095
2.5964778797
3.55666563934
3.20238727744
2.42590804509
2.18750719873
1.93829585447
3.23935263951
3.32261115077
2.14494771997
2.9535652074
2.66409501755
3.41656637724
2.98614308155
3.73855371609
3.16530794869
3.23550981204
2.95389509776
3.96459604153
2.9569433765
3.10184854685
3.46585426521
3.85549607195
2.9986716018
2.96836030833
3.15104395635
3.66482783319
2.73053855122
3.17177697683
3.34945694064
3.0765140863
2.59139204434
2.89103963069
2.61737457098
3.1402501719
2.29783352036
2.74738318363
2.06313567287
2.30509354302
3.27480710421
4.05394056367
3.91283014164
2.59925355234
2.6182459966
2.66831398403
3.57280370407
2.62067713047
3.25570520775
2.61121904281
2.52801191213
2.65464911347
3.90222146815
3.09428592677
3.44457712132
3.16189742672
2.20068548283
2.71836745168
3.23774389109
2.72564177601
3.16013115965
2.13357727853
2.28158406411
1.87952679141
3.38051985577
3.73306816123
3.27199759596
4.2689703485
2.43899334202
3.9561970095
3.74339116591
2.85873810113
2.33343917474
2.73539285718
3.66189494377
1.60845043098
4.29109692276
3.59080618867
3.90151329491
2.24150599824
3.82595156318
3.03193649845
3.55351279462
3.12467997666
2.40088607648
2.38939113129
2.57023052526
2.7531142148
2.19009951581
3.57023117103
2.44864782418
2.2878839748
2.11981140974
2.48806496971
2.12332331931
3.16261725705
3.47355630117
3.77297240052
3.78175133085
3.00409850001
4.30015001651
3.6476763671
2.88992117719
4.05957839985
3.47292829578
2.23204061517
3.60645700174
2.76094907514
2.99335324324
2.56966921502
2.7918610324
3.21047029507
3.17978188123
2.77423815242
2.06024769394
2.82070931867
3.17402589321
2.30767109929
2.54595125537
2.21015213737
2.8752559474
2.4671648594
2.32301208912
2.96716070326
3.10227628807
1.56586617153
3.31161924033
3.15454127596
3.39085516413
2.29235244259
2.95764744223
3.63157923062
2.08663767474
3.05733534472
2.67303327732
3.15047164937
3.14658366314
3.92667240751
3.63887333742
3.10510270964
3.07727675612
3.20519300004
3.23837736863
2.54630531139
2.1443464746
2.60374335129
3.34137829539
1.87781518797
2.52824624135
3.38391352306
3.39595242267
3.99846571946
2.64245436325
4.08508624162
2.09493794357
3.70674014049
