2.35672411408
2.03556502901
2.51627889111
2.43353801673
2.36187097591
3.92756477506
2.95886187524
4.45539878951
4.49752350269
3.03928106952
3.38094614634
2.21657300283
2.30870201702
2.60523805026
1.25999313991
4.32006130902
1.58183470822
2.62462543277
3.98327004943
2.53460532764
2.6268130288
2.79924099663
0.944543297663
2.44875797387
0.917696264594
2.72284436681
1.36557312907
3.28122703572
4.34092980771
2.13452772665
3.41976776884
2.58502632863
4.05249493436
2.05636552784
4.03582516285
2.61326546693
3.87962778733
1.73398520806
2.50009158351
4.45185868837
2.5179544545
3.86678315781
4.05940127563
0.997684136917
2.06767937736
4.39153316002
1.01465135405
3.16705284214
2.58700513684
3.41175463095
2.81579141144
1.01480457238
1.28816132857
4.4496168098
4.29850715718
3.30535654628
4.47427894836
0.863373741911
2.78309293003
3.73330700612
1.09087656391
3.16836100413
1.38447327154
2.73768939517
3.48794774842
1.01459041567
4.18211854376
4.51362905039
1.78444179683
3.21739044249
2.646087283
2.52297859164
2.4181511062
2.47531076553
3.50572938367
4.4701873145
3.24029015015
3.91748534937
0.917445162991
0.799277570953
4.27486826865
2.84875502128
3.80408358154
2.18890027033
2.43205076067
3.61590789497
3.13648653393
4.46360298438
1.18981678584
2.96751942721
3.59229887405
1.33432256822
4.220972689
4.45151699242
2.45713116182
3.48090028269
2.76720604671
1.23959798093
4.44424516516
2.63272474536
4.04493163716
3.48765799511
3.18801343773
3.03481411297
3.04131499188
3.8413725574
3.54292243085
2.32483890776
4.20355210289
2.46448427668
3.27421348364
4.15019907304
2.76379362333
2.05217039403
2.069033591
2.65112586677
3.30839750487
2.06574554248
0.831336166619
3.95686174034
3.61426465209
3.35515116654
1.44667128909
4.06315903648
2.01972924112
2.55100892614
3.99178481969
2.76449383174
3.95982178804
3.85771238388
1.232987407
2.40576602701
2.26348268118
3.80559630541
1.78805841636
1.26476377015
2.46032985712
2.57110786102
1.50245148702
3.77866070652
0.934181978315
0.865992026335
3.57177647822
4.44317704539
1.26473782582
2.25755452683
0.756258900873
2.89430198176
3.05244225154
3.99584116572
3.65978379156
3.39300076177
3.83333361902
0.813175762125
2.36826622116
3.50067949945
1.55358515704
1.1081680428
2.68731662047
0.90516883711
3.20272396323
2.50718638903
4.16483108515
0.85873255291
2.20555890328
4.51413671604
3.37174370152
2.80072528023
2.69837109208
2.94281592828
1.87494233619
2.98072837571
1.1453472827
2.31475556754
2.07678056252
1.3122349235
4.41249740908
2.91647113453
2.7975515884
3.72864347951
3.06103050564
1.93539166165
1.11137256312
3.69257938742
2.61865794966
1.55820798657
2.68144444997
3.87476529757
2.94492038106
1.08401448585
1.94382065235
3.8596459535
3.7545269778
2.67664288988
2.94846689428
2.68554481333
3.02517277353
4.22993865663
1.73758883312
2.79582991151
2.63542790805
2.65095095238
1.11925965071
2.11696553936
4.41483936882
1.12829917352
2.57961740396
4.23743992955
2.61429343291
2.45898173745
1.39801181403
2.38697610938
2.98098556874
3.90393112469
1.86720016224
2.62982770747
0.978611666963
4.21377734675
2.67175562293
1.944020228
1.13683032928
3.00966539429
0.989657862301
0.956255365368
2.61734753022
2.51486613178
2.49348455203
2.53381807198
0.668576087239
1.24724571366
