3.77071348398
3.6684814432
4.3793299827
2.91002800085
3.6218234424
4.21228080586
3.97717916447
3.90180495781
3.08140279672
2.93001402447
3.41433792897
3.89981618696
3.56401265336
4.3482373682
3.33082046728
4.02180584265
3.35179784259
4.28298560208
4.67233920388
4.09510149674
3.0550997138
4.35189007884
3.16771690594
3.64044265609
3.88880942421
3.39015938058
3.12951448947
2.83201681117
2.3222943891
2.99168459153
2.66473612482
3.60543704641
3.77105927634
3.7088182686
3.49808561335
2.13934849721
2.96542547636
3.62034686618
3.87941118873
1.37512513816
3.83513428057
2.64502210447
2.7301759341
2.43500001559
3.18686411019
3.93160492568
3.02814903321
2.72033374845
3.54463373011
3.21101496023
3.91825532691
3.57030858249
2.96496558556
3.84129421634
3.93398986121
3.1013356759
3.84119553964
3.53449723096
3.20548150094
2.57465655664
2.3798989755
3.3768334179
3.86543262549
2.06098484345
2.96265712836
3.05252536597
3.4191536882
3.22248755951
4.26034470203
3.93171843862
3.6678767
3.02784593178
4.06213711068
3.27203152872
3.30560955993
3.53656492063
4.20892301885
3.58027965562
3.74433475749
3.71947343542
3.99232903586
3.20206308438
3.77235297201
3.63524454699
3.72873800003
2.88397782223
3.33194639035
2.4942307045
3.45273536584
2.70608606225
2.68086385138
2.28772193523
2.71739375876
4.06081898848
4.40549864497
4.08168684254
2.90194902315
2.379721639
2.82163909547
3.93972942733
3.14255179535
3.15182527236
2.93441150599
2.50151492289
3.2219736983
4.16496290553
3.34348715693
3.59007381549
3.94783540411
2.46990546599
2.9221122511
3.67436636689
2.93370447535
3.73913317
2.0349923128
3.03000751392
2.11561605333
3.71611030419
4.06245841527
3.46153231184
4.26337084582
3.02504063286
4.1778842948
4.08857487811
3.70320611324
2.49187136117
3.21439698219
4.14803162793
1.49829306454
4.31239616531
4.18819967442
4.3166355277
2.44538459848
4.12055146511
3.88966825925
4.10406132819
3.5303650573
2.4437852696
3.13367065792
3.02723218005
2.99650574928
1.408041389
3.87455644443
2.11657354537
2.88996209938
1.99557122934
3.13566163719
2.30187179879
3.50773853928
3.92616459813
4.01439993362
4.36296769253
3.38548307943
4.32931378231
4.0504807561
3.18549996911
4.2781509149
3.6521246258
2.42730827735
4.22509039589
3.01945272456
3.55450006994
3.32749532459
3.3500795181
3.31080913666
3.78617491538
3.30195922561
2.36803608829
3.40819109181
3.46732960568
2.43896130585
3.64028196621
2.37279473372
3.46677355735
2.60839222209
2.63254151311
3.30188037606
3.80643336048
2.5015694342
3.96041537086
3.93101943658
3.9606879074
2.68826793761
3.48521743712
3.91205004782
2.42660005011
2.9725719326
2.82754556091
3.92552221191
3.46597647876
4.35079667133
3.92734156364
3.43203732008
3.31181626393
3.60422943975
3.98016614723
3.14214782741
2.35521870466
2.91082996486
3.77960915311
2.1129404546
2.66839021187
3.44752581835
3.15489261641
4.38773396792
3.19827197049
4.47407714454
2.60665767182
3.85627913882
