2.35936845897
2.03531401146
2.51797803727
2.43445413394
2.36140264136
3.91844024354
2.95684957093
4.44598687621
4.49233199063
3.03269605115
3.37763664041
2.21661378359
2.31379359778
2.59615410485
1.26807103622
4.31045405593
1.58309256153
2.63058671047
3.98258763816
2.53656147672
2.62311708845
2.80292708244
0.942424390618
2.44782335633
0.919923146737
2.72188651142
1.36328145946
3.28396980477
4.34049086088
2.13292640702
3.41727074137
2.58224723142
4.0511423808
2.05151664671
4.03220923019
2.61516617345
3.88053346001
1.7327543079
2.4994342384
4.4464359079
2.52015438688
3.86469423074
4.0623072385
1.00072178318
2.07172109568
4.38260317557
1.01908691547
3.17192123559
2.5896554758
3.42232182388
2.81285920863
1.01487902911
1.28396286251
4.44127229286
4.29143988335
3.304557866
4.46935332694
0.858707772685
2.79352435633
3.7330217044
1.08804837272
3.17347255836
1.37747456596
2.73805568885
3.49475854398
1.01478779195
4.1865666502
4.50509800856
1.7817489002
3.22666171755
2.6452296945
2.51941137549
2.41961165392
2.47599027289
3.50894511183
4.45997826126
3.23365321342
3.91553868171
0.914831675955
0.796069059581
4.26867350613
2.85190644764
3.80286938465
2.18614803569
2.43353883401
3.60641484889
3.13866341845
4.46062866545
1.18721294709
2.96707473125
3.58821975801
1.3369242858
4.21961354382
4.44157094539
2.46897675897
3.47842280999
2.77395203599
1.23490423999
4.43438259838
2.62844971792
4.03580608319
3.47910149397
3.19670010194
3.02861278976
3.03744137072
3.8467563989
3.55096764163
2.32244131406
4.19809296869
2.46566617873
3.27178192867
4.14103312157
2.76626526487
2.04613072842
2.07062134575
2.64958907349
3.30349645696
2.06646091448
0.829770514926
3.96400344138
3.60615980434
3.35408753354
1.44839749696
4.05543811776
2.02189776542
2.54895298258
3.98948410191
2.76550913538
3.96108240312
3.86052245966
1.2293739036
2.4048182212
2.26059499919
3.8001076799
1.78890288
1.26346742772
2.46237949386
2.57616033401
1.50731794902
3.77687448949
0.936215517439
0.863661880443
3.56399412372
4.43319304969
1.26396938478
2.26801182008
0.753091423576
2.89824925391
3.05438200875
3.9955285499
3.66031383713
3.3952936684
3.83079845494
0.81274443192
2.36319743237
3.49814584049
1.55813033657
1.11501817995
2.68727974222
0.90466099146
3.20336609035
2.5072931043
4.15653875281
0.858268787018
2.20217431691
4.50509800856
3.36944720244
2.8036091339
2.69917168828
2.94332116247
1.87361859272
2.98279416374
1.14206831464
2.31635201481
2.07102391324
1.30256140107
4.40868374609
2.91472389368
2.79596002802
3.72605326593
3.05336065265
1.931423958
1.10638477236
3.69155567108
2.61488624592
1.55599820603
2.67651551804
3.87993315277
2.94001260267
1.08348649834
1.93443774189
3.86290564286
3.75283717677
2.68578556156
2.94402516216
2.68659383882
3.02406577961
4.22858890321
1.74089098934
2.79003022965
2.63593581857
2.65272170079
1.1189085932
2.11709549529
4.4121036341
1.12471387124
2.57756648162
4.23410080735
2.6183532459
2.45700069783
1.39527720586
2.38783111486
2.98565812537
3.9037152355
1.86248356809
2.6286309224
0.975071431682
4.20837151716
2.66469582786
1.94319715052
1.14043450282
3.01287917322
0.988101674058
0.953281311492
2.62019626864
2.51785284982
2.4911237792
2.53467624237
0.665996760023
1.23964569125
