2.79643800422
3.97726546235
4.28450857964
3.3902663053
3.80736253008
3.22103826584
3.97847378423
3.61439799306
3.80725008371
3.65503972743
3.76909404166
4.09143279676
3.65359261603
4.59002595686
2.99319711366
3.94873867204
2.66291127808
4.39448644281
4.50085232497
4.12700033818
2.93279353625
4.12092913596
3.57040275551
3.6162977403
3.83600042435
3.41604444712
2.87677561647
2.56513688465
2.64229319723
3.34040912537
2.61439970132
2.75580851812
3.43602638634
3.92286551699
3.2659271235
3.14576300607
3.23736566768
3.87689777394
4.09922286406
2.59703271888
4.01948555485
3.00561082705
3.33445369138
3.45856202424
3.71270116163
3.10842583555
2.58937415368
3.1386797119
3.80561589132
3.00013570679
3.83655368447
3.27282145765
2.56393339737
2.9167863037
3.8045937929
3.03658015569
4.07603949796
3.43545451127
3.43026642109
2.11764331158
1.97020702403
3.61855065748
3.2636363697
2.87319348991
2.89658562471
3.19091666819
3.9139006105
3.64657030906
4.09249012398
2.52653634418
3.37317244448
3.43770558536
4.36761410115
3.27958503502
3.24010946458
4.04556188714
4.46808537527
3.7268032608
3.44077312765
2.94601054997
3.89529567427
3.13797382498
3.83986446611
3.69654563457
4.20733708211
3.39728996694
3.04426559251
3.03243077979
3.18089638656
3.56487534217
2.58231126127
2.13057361572
3.96148967996
3.23947267352
4.62792368673
3.77740469833
3.30238436503
2.07692687193
3.13548122675
3.87411649093
3.40115566436
3.5042304044
3.74911332911
2.56749287809
3.33199827676
4.15229074325
3.56335855968
3.65181311419
3.57262542493
3.13315447291
3.06870607733
3.89864867555
3.74777949229
3.54889834933
3.04659398723
2.32893554096
3.00714004271
3.2397674851
4.01281139508
3.28184702473
3.95179319344
3.39932776145
3.71035232853
3.56387374742
2.62189858735
3.04668954462
3.60785177911
4.03659848617
2.30838041243
4.40632857868
3.99995252542
4.17425280822
3.03903260366
4.42144232943
3.19726085801
3.35759057486
2.7043939777
2.79367328302
2.64276196125
3.69702375322
3.77306636669
2.2720406594
4.03535885238
2.38878942563
3.09676077325
3.06238672478
3.96148967996
3.27588523115
3.39542083254
3.83374305545
4.09531058475
3.75609574963
3.18417504585
4.36881751458
3.94450013133
2.70799650378
4.03617130856
4.04366798663
2.9179485575
3.40632281615
3.84140318065
2.37559511512
3.05653197719
2.71899916333
2.85846298976
3.41256406643
2.89294572608
3.14859626153
2.65046870093
2.66858669278
2.5864331894
3.31979145927
2.84346785375
3.18372337801
2.93630294421
3.14299730504
3.75901235388
3.3813229533
2.33631349136
3.6005604927
3.56585449128
3.88255540339
2.7896521054
3.19114978901
3.99435178812
2.77057693704
3.20611965687
2.86221135491
3.76995281629
3.81474068134
4.6908251014
3.8164913162
3.40218573796
3.15451317126
3.97241506852
3.01482988114
2.80587093872
3.42359892769
2.80313253119
3.08211632852
2.62387540163
2.6620509363
3.70172088769
3.23213474616
3.93585493206
3.06088312482
4.59951213566
2.68065784092
4.17835055632
