2.18441001613
1.82629879569
2.32850003433
2.23758495445
2.21749939717
3.98239997683
2.93057603222
4.62336463963
4.67082080744
3.00824081605
3.3614508295
1.98784756291
2.1377425672
2.44926577089
0.928390409154
4.45099232526
1.32234348561
2.48452384568
4.04808520734
2.39685739829
2.54085667769
2.72497734187
0.531955066745
2.2893813282
0.508914389883
2.606004338
1.05451145492
3.3075263514
4.51533951834
1.89495598744
3.40203509754
2.44363839923
4.15607253458
1.79359974795
4.14368347007
2.46073593397
3.97237612308
1.42520769157
2.39501426203
4.62382443618
2.32533974016
3.97215255417
4.19172882789
0.59165005032
1.80029260876
4.5584614115
0.702065372027
3.11721341023
2.40762144965
3.43774390985
2.68433871609
0.669128510084
0.959197482829
4.61853703134
4.4315223169
3.26078140949
4.64729126536
0.446231470663
2.67935959091
3.79253631119
0.681070161568
3.1188019236
1.04941412376
2.62256114678
3.51191718976
0.606053270192
4.29474339416
4.68389287117
1.50336877243
3.20685651328
2.52750979089
2.3986751697
2.24609744975
2.33939386173
3.51990029368
4.63769144679
3.18817692608
3.97942885448
0.562977861647
0.382091090008
4.40821015053
2.78952675613
3.86405848297
1.98871491489
2.27475435626
3.66289424954
3.09575465077
4.63835744342
0.849792658435
2.91520763164
3.61907023294
1.00789171251
4.34117889972
4.61884284361
2.27293520673
3.48144834448
2.69530766289
0.83144667414
4.61148216695
2.482335622
4.13137117044
3.46534814808
3.14258631208
3.0040596647
2.97950959584
3.94678671069
3.63490946718
2.13400123619
4.32372289731
2.34364151387
3.2530584126
4.27234204385
2.61166901562
1.8171532407
1.76471490264
2.49911360171
3.32752112528
1.83409500792
0.416600486311
4.04585063359
3.61944556008
3.33733716873
1.12203732379
4.15773291547
1.77166837458
2.40954597159
4.11715986774
2.65067274779
4.07085148587
3.92309370247
0.825783756376
2.23094936705
2.0832686134
3.87802572135
1.58194641285
0.923676436166
2.26617978226
2.42079498905
1.21116199083
3.82193718376
0.525597345308
0.518484948753
3.59426382604
4.61026410065
0.917192447376
2.07254125857
0.38846858314
2.80949758644
3.07243453836
4.11630230572
3.71808538377
3.40352423035
3.8926571101
0.39916622895
2.18833078333
3.51538569154
1.23993770366
0.780665746438
2.55118890418
0.552563350513
3.1494121074
2.33588092908
4.27099360325
0.445781960984
2.02344738442
4.68389287117
3.35306506225
2.67486688493
2.5633659415
2.87720529895
1.61143685962
2.93130391353
0.803565752317
2.1220403357
1.86544204887
0.953763130679
4.5851672239
2.8034647022
2.6986488049
3.73797921281
2.94542506588
1.69969655053
0.762827963869
3.73457297689
2.53242851328
1.25184829137
2.57280497387
3.94296973733
2.82935966939
0.676398923213
1.70278258528
3.92553401885
3.81282682926
2.56903792297
2.83346842388
2.56986557744
2.9735649534
4.35494992531
1.47552731451
2.69868417623
2.50317385777
2.4751987252
0.712670208743
1.87874555376
4.58866909851
0.718614659468
2.47501960654
4.37280862406
2.49998902045
2.26067203781
1.08727425051
2.21355502076
2.89289462462
4.01210902797
1.62522761595
2.49569383786
0.565384770794
4.33424785829
2.63141834904
1.70067826157
0.793989171981
2.95435855714
0.645907996504
0.543072265729
2.42777997336
2.32298302726
2.36970942145
2.39492696832
0.248900505579
0.942376431018
