4.84749424481
5.0
4.80332876991
4.9378639709
4.7019614752
5.0
4.84511033207
4.58870798272
5.0
4.71127379753
4.82780111994
4.78809028365
4.90175548244
4.95383098356
5.0
4.66966183405
4.46636495427
4.90571428293
4.83834008781
4.93921347098
4.8800792496
4.63754720838
4.51146816427
4.73377477229
4.72805507519
4.78322094674
4.41596303807
4.54989421538
4.87854284545
4.72837765637
4.40180241183
4.69880331612
4.78553860588
4.75177691667
4.69968001258
4.93962606992
4.86721229996
4.51134261239
4.59700445809
4.51697578857
4.48083863755
4.85691171793
4.14582078991
4.29506790885
4.34670804038
4.66134856626
4.24739950793
4.44052170672
4.65306304925
4.62060271342
4.04738170267
4.20328038769
4.24779298368
4.74336940062
4.7612921991
4.78503743655
4.42261833875
4.21005228287
4.8199715263
4.55301013521
4.69037863753
4.00880014508
4.63236112216
3.79961642003
4.73345906145
4.62139897071
4.14991983947
4.27935652526
4.34734232467
4.37521245638
4.74387402068
3.93744246323
3.91641190303
4.9265936027
4.61074160026
4.65195442492
4.54333359585
4.53931940536
3.80948370525
4.09358349175
4.34246356052
3.99337769729
3.55782357896
4.19298326965
4.14529974533
4.37481768189
4.25763064349
3.99244960706
3.36422239781
4.13701089094
4.13204444013
4.31116676749
4.37798184764
3.75337707929
4.68285651957
4.45601015219
3.99878898169
3.73040992514
3.61551101906
3.73844733002
4.74941164537
3.98861317682
4.31712866428
3.74555478452
4.02981601657
4.11687739026
4.24956371618
3.76496038729
4.51478601786
4.46921631584
3.65911895844
3.63425744239
3.94859927059
3.40379582982
3.02725050097
3.92474013458
2.9572857544
4.14624522996
4.28442668478
4.1798991773
4.08361779132
4.9288636416
4.67038446367
4.91830659342
4.93733956913
4.57623253413
4.509795787
4.78879707396
4.83974774479
4.96496894169
4.75516750287
4.88346365615
4.65213550376
4.43077371058
4.50558193961
4.63108892152
4.67558786197
4.66549848229
4.44601951345
4.56667167848
4.37128487545
4.18734080094
4.52599657655
4.27904499962
4.63455217221
4.21007717375
4.3660360321
4.04075463712
4.54414703823
4.41834357944
4.41084962772
4.36675142244
4.56859559904
4.39215834738
4.37347472582
4.40797133458
4.42283936362
4.05484815417
4.3052937035
4.20232115847
4.28088140117
4.04202724022
4.43612090889
4.43421386232
4.66598845482
4.19903685342
4.38437832403
4.12405983715
4.25231913872
4.7512563505
4.38051601184
3.80961219421
3.54296362312
3.79445335267
4.74720447303
4.29592384651
4.50498413338
3.64091224387
4.28811674161
4.4806724342
4.06263943946
3.57903503792
3.92977307542
4.08859418894
4.078740874
4.29679066266
3.4551842215
4.01755785034
4.27721333595
4.41408126354
3.74285118872
3.48607584808
4.23052427704
4.39933635033
4.82360811181
3.52812894742
3.7166182453
3.60683351551
4.61121730015
4.27520709056
3.51178930856
4.1020052438
4.13754337923
3.97682158944
3.55445188381
3.33414448019
4.08892023836
4.41776687512
3.94142329066
3.57943034773
3.57627293411
3.3402577514
3.62969895718
2.62305955112
3.13926565186
3.26083466375
3.94101415299
3.26295853704
3.87347744886
2.8709379421
3.89462234449
3.80996824691
3.78617601661
4.11563995124
3.05522024177
3.99544357579
3.74659101855
2.7097144156
3.63356466158
3.13770959314
3.81782844148
3.36236846016
3.19430788727
3.53627652748
3.19187973249
3.69088545257
3.98642691167
3.35341618912
2.86893064622
3.8873008343
3.88830446818
3.63799992696
2.77766816001
3.49541255819
3.47109953151
3.52366486514
3.29228736331
2.51477147308
3.98842650543
