3.1776356477
2.9739309234
4.14867391613
2.90839037994
3.35225818111
3.91893768172
3.70114512641
3.47037125863
2.79675419422
2.40643531854
3.37751402448
3.89741032603
3.09028068084
3.93048775061
2.81612863796
3.52374114415
2.79210013583
4.2818727984
4.25229964828
3.54906714149
2.830433947
3.82800397734
2.63614725119
3.36311502078
3.78858487517
2.92356436335
2.13963607846
2.35487570444
2.44828921443
2.88693045383
2.22992952535
2.63725101577
3.41426555603
3.50534562042
3.05311833053
2.27506268056
2.63742764875
3.2205927683
3.46533833562
1.85177436039
3.5598964084
1.95651436267
2.31425583888
2.31655148763
3.15899325296
3.16040631485
2.43930659868
2.63118583183
3.41826003298
3.16685624182
3.64453463088
3.13657479381
2.46311789244
3.17721148892
3.6468502099
2.60367489426
3.56407140325
3.20268236151
2.43528271199
2.18443194452
1.940616973
3.24181909169
3.32600567072
2.15293080597
2.94832736932
2.67594373668
3.42389705947
2.99744464601
3.73640928594
3.15939189853
3.2362107648
2.95566414441
3.97337701198
2.96168844764
3.10392144146
3.47030950648
3.86347143982
3.00813184957
2.97499787547
3.15600788342
3.65449302176
2.73501505661
3.17523839418
3.35816516948
3.08283437895
2.59725764734
2.89437530846
2.62427004684
3.13335891176
2.30581165789
2.75017070095
2.0686683383
2.31835881062
3.26603903952
4.06025212092
3.91043175216
2.61075947206
2.61282500317
2.67525669782
3.57974256709
2.62058080589
3.25874329255
2.62241352913
2.53243928495
2.65914888542
3.90763333894
3.10288342124
3.44905094509
3.16556432217
2.20291193854
2.72542441987
3.24929938153
2.73672599248
3.16853041541
2.14019453981
2.28395969375
1.88365422842
3.37569442587
3.73869588835
3.26837295817
4.27319252222
2.45442929951
3.95477604047
3.73563152546
2.86180753775
2.3357981659
2.74911469934
3.66865984227
1.61440898348
4.29326164204
3.59612491795
3.9114036253
2.23618346556
3.8298742598
3.03600972725
3.55869501611
3.11249752454
2.40567320823
2.39354863957
2.57852573284
2.76298555149
2.19668383369
3.57622682885
2.4456686882
2.29358298048
2.11874520658
2.49961616305
2.12871978417
3.1651959511
3.48301407981
3.77934394934
3.77932658014
3.00744403234
4.30497310552
3.65543050608
2.89215825129
4.06362111627
3.47891028914
2.24403621022
3.61223883234
2.76771913644
2.99366434482
2.57612785418
2.79348542132
3.20070454803
3.18635729012
2.77578083116
2.0706493715
2.81220611895
3.16520830309
2.30601353799
2.54984657004
2.21773408301
2.88048609223
2.4720535835
2.33392989506
2.97325735032
3.102974593
1.5757012327
3.31241039714
3.16090700898
3.39717036652
2.3001031063
2.95898899156
3.63333441758
2.09622738601
3.06329840958
2.6757343044
3.15567126228
3.1516797551
3.93623875723
3.6427046207
3.11378938065
3.07957433902
3.21546450528
3.23196297466
2.55276513438
2.15498990218
2.5983090101
3.33498865903
1.88303401581
2.52394075956
3.38932972256
3.39179438701
4.00418619692
2.64941183028
4.09457894251
2.10360721434
3.70893542413
