4.48894443645
4.43483230202
4.78769309768
4.06231443429
4.28330808288
4.70511462384
4.58934804005
4.55313617757
4.15400271149
4.07219425148
4.30919993472
4.55065201681
4.38560279489
4.77511894259
4.26823598201
4.49265487527
4.27933332046
4.74363153989
4.93050107065
4.65162504095
4.13104086707
4.77115775023
4.1883354293
4.42599923029
4.65822288108
4.30021119037
4.16732882899
4.02165922272
3.77439067859
4.1061659985
3.83040633932
4.42221439586
4.59335720599
4.45582148082
4.2533169259
3.68250148694
4.09024979898
4.4146127573
4.54336113852
3.30410659637
4.51962805992
3.92860126098
4.11749034467
3.83097659882
4.19780058762
4.15005794725
4.11799481359
3.96909205835
4.37602308945
4.21371752726
4.56519948528
4.38546975116
4.08676094116
4.51996200375
4.56965787844
4.0768548115
4.52378627584
4.36776689976
4.21021322276
3.89281751847
3.66104987349
4.29755497607
4.33111635926
3.64315195296
4.08658804984
4.1327560561
4.31583914358
4.21938884967
4.7293270473
4.57783035553
4.43879195971
4.12055611564
4.63184380155
4.24311131799
4.25415412965
4.37153642017
4.70266253271
4.3895246463
4.47658795379
4.4624527044
4.59638447726
4.20783989564
4.48588184335
4.30485971184
4.4774897543
4.05059880056
4.26789623188
3.57887541616
4.33114477208
3.9614985287
3.94958065503
3.75227274043
3.96970264348
4.62877899684
4.80213025677
4.64266985935
4.05948261773
3.80365049006
4.01620737982
4.57038258081
4.18074513549
3.9730536274
4.07300409855
3.54215817434
4.23974733092
4.68267432566
4.27920334429
4.53108999042
4.57397632986
3.85171737682
4.11332141281
4.44131655801
4.08099006816
4.2371552463
3.63030290125
4.12511041058
3.67076967818
4.45707955324
4.71867357876
4.33444507713
4.73316633899
4.12101474967
4.69167614736
4.55411326098
4.41209047549
3.85615480461
4.21332545473
4.67105923025
3.36444259372
4.75817024922
4.69471148528
4.45107378322
3.83167367071
4.66927606102
4.54843158092
4.65256846458
4.37594105918
3.80270681113
4.16894765567
4.12373846228
4.11203501824
3.31982791337
4.53911586698
3.66871709807
4.05424052573
3.88390100717
4.17646764352
3.76429505064
4.3564204692
4.56221444225
4.60940749701
4.64514344356
4.29639848579
4.76840060575
4.62663202324
4.193842569
4.73917764967
4.4291597423
3.82097741082
4.71239752743
4.12088872249
4.38351468929
4.26868369108
4.2771367419
4.26491677644
4.49492770417
4.25722218559
3.79700246143
4.30973645444
4.33571740591
3.9197149852
4.42385586665
3.83827726392
4.33404823247
3.91021713351
3.92377879986
4.2546573042
4.50660206843
3.8622439284
4.48902912922
4.5656635865
4.58074311853
3.9553046925
4.34316571195
4.55881223203
3.82682419087
4.02420826732
3.98891574487
4.33003323038
4.33830186945
4.7830946269
4.56705486324
4.31711724538
4.25998230397
4.4045327546
4.60653745887
4.19014077917
3.78805205348
4.06455626938
4.48946883715
3.66883549812
3.90742166943
4.32856950359
4.18335990505
4.79143416312
4.20535427593
4.83732611341
3.91419286012
4.53456240509
