4.22818462264
-7.91280736949
3.42445797737
2.19332346125
0.870801700356
3.92685207566
4.35503988328
-0.268111327521
-11.2912428935
-2.218810307
2.98159392787
3.8879743327
1.50078307095
3.99814075514
0.975848956585
4.65869826086
-7.26293835147
-4.01610571653
-3.43609129254
3.23376624266
-3.95346195675
-8.80664001733
4.66660255137
2.88638573603
4.77664684521
2.86332712469
-0.251873764804
2.15593134869
4.33606908176
-1.93549509602
4.46037804186
1.59837878803
3.66168498965
2.92978717993
0.831614422815
4.27131228182
3.89377980239
3.60515430567
-9.36080389836
4.98335584806
-6.20008185806
4.31412765962
4.63371334976
1.39439186104
-12.4125444846
-4.29297719675
-8.24851268824
4.8325365328
0.13282959785
-1.0661330724
-3.94204796294
1.00958805831
4.84828505582
3.77461782726
0.0137508092772
-2.24379734374
1.04113422044
3.85036152099
2.7043039353
-8.5905744444
-6.1578585745
3.73133907884
4.47807701492
1.64898543865
-2.92480125188
-7.02119827085
3.01714572359
2.73556606385
-2.04039385042
2.48290873618
4.75769100529
-6.91974268282
2.4243498087
4.49130743486
4.50391480131
1.70444216792
3.1164844909
4.42452295287
-5.40561635705
3.51523306938
-6.89477272351
-8.09332788435
2.9027533537
4.68294385952
3.24128546644
-4.53836757023
2.39716972573
4.108019217
-0.809682183403
4.28119402042
2.82630622011
4.23582839626
3.11586918198
3.35889001022
3.73407072331
4.30113025668
2.99221805504
0.750479408048
-6.59290800051
4.51873775446
1.03947036927
1.37217531016
-2.76607539414
4.48013483947
1.86746488972
-0.580341931555
0.57643422925
4.26122035359
3.37526147322
3.9326299159
-6.070655243
5.0
1.6971693352
-2.45350453029
5.0
4.29320348954
-5.42020527683
2.54408608773
2.38166472146
-7.80192700623
3.97651293598
4.57693506356
-2.52076269561
4.71662873542
2.18028777531
-4.09214664379
-3.84308450863
-7.78351969453
4.24011329883
-5.87324583439
4.3638211273
-6.60525939934
-3.81843223238
4.49421661013
2.97261735577
-3.50209843059
-9.5890849748
-4.27095672106
-1.43755865643
-3.62736338258
4.12117297753
-1.88498199154
2.98589413813
4.3779097846
2.50004125705
2.64655336766
-8.00764591947
-3.3149201228
2.25820153174
-9.08679640932
-4.48351673813
0.840951128617
-3.61164571943
2.06547758209
4.32854457976
1.82966259227
-5.67424395301
-7.68575725029
1.82730919738
2.41340834652
4.26440640018
-4.18795071491
4.01885080359
2.14064993107
4.33162176676
0.0893348180862
-7.36387771419
-4.80308072822
-1.55274851979
3.88103421809
4.0243846978
2.58407470852
3.83085854304
-3.41255647661
-4.46824446022
-11.2912428935
-9.0542559837
3.66252874303
4.49781492156
2.40688152046
4.57417169169
-4.28297277226
-7.75843435575
-10.1770538547
3.27256160638
-0.66232731605
-3.29316475605
-10.278849708
-1.44763836518
-5.55729965388
-9.51815720378
3.80449091516
2.07540121303
-6.84976840783
3.86230823014
4.42380256117
1.83251126897
-7.09495143992
-2.23234911917
0.865327272621
4.09864531757
4.00595690201
-3.76781140243
2.65175080263
-1.02291804478
3.62430492702
-1.71932053846
4.72600865801
-6.9236784186
3.33141892485
-5.11706179273
4.39096327232
-6.54806472055
-4.73531977432
4.72896944171
-8.81726821511
-5.31011053016
-7.80412437162
-3.47257653133
1.95758830254
-10.1315521846
-5.03408954705
3.77320577589
-1.21168382838
1.3558367816
4.80737092666
-4.27247481441
-5.84174431362
2.8831839836
-2.98404956942
-0.247777958469
0.11460263301
-9.85963363623
-10.767150245
-8.33546006305
-8.20063424725
0.713605946759
-4.93146250281
4.12103236001
3.37085690073
-9.03565081877
1.34144671285
1.13286167905
-11.3926984425
