4.84749424481
5.0
4.80332876991
4.9378639709
4.7019614752
5.0
4.6271415519
4.51581850735
5.0
4.71127379753
4.50582863994
4.75124685855
5.0
4.95383098356
4.9079109339
4.79288103933
4.54882689681
4.90571428293
4.90329154782
4.93921347098
4.8800792496
4.63754720838
4.54129700912
4.33544161727
4.86012744821
4.78322094674
4.30089044441
4.54989421538
4.87854284545
4.72837765637
4.45486555115
4.69880331612
4.74262620851
4.71501005674
4.67646727302
4.93962606992
4.86721229996
4.48532245284
4.59700445809
4.67027013145
4.3639456676
4.92803721762
4.61963703334
4.29506790885
4.48370711307
4.55369679924
4.24739950793
4.35900826959
4.65306304925
4.58005309286
4.04738170267
4.37815778142
4.24779298368
4.71005196285
4.7612921991
4.78503743655
4.41164734043
4.38065062767
4.8199715263
4.55301013521
4.69037863753
3.90701634682
4.45230187519
4.15072635387
4.73345906145
4.68108063277
4.14991983947
4.0966668991
4.34734232467
3.78330533434
4.68296216043
3.76928657558
3.91641190303
4.9265936027
4.5952714591
4.47369530691
4.54333359585
4.53931940536
3.80948370525
4.23384514119
3.67562815877
4.06719308036
3.55782357896
4.19298326965
4.14529974533
4.41716395422
4.25763064349
3.99244960706
3.33089712608
4.13701089094
4.13204444013
4.3551040924
4.31713857892
3.75337707929
4.68285651957
4.45601015219
4.11744917267
3.62547538515
3.61551101906
3.73844733002
4.27443210349
3.74968708373
4.31712866428
3.74555478452
4.02981601657
4.27927969788
4.24956371618
3.76496038729
4.56720867858
4.46921631584
3.66100898937
3.63425744239
4.10904470645
3.40379582982
3.02725050097
3.91714235777
2.9572857544
4.18267548456
4.24622369267
3.9022110422
4.08361779132
4.9288636416
4.76531500834
3.70337423698
4.93733956913
4.83316096217
4.71458650594
4.78879707396
4.83974774479
4.93669404338
4.96002397687
4.88346365615
4.65213550376
4.43077371058
4.74783884396
4.74422373802
4.67558786197
4.66549848229
4.59300149898
4.48028066756
4.37128487545
4.3900182509
4.52599657655
4.27904499962
4.63455217221
4.61201434516
4.3660360321
3.81115098506
4.45338036945
4.59028892864
4.41084962772
4.36675142244
4.56859559904
4.4533767243
4.41823095278
4.49826883498
4.42283936362
4.28588039263
4.35973295561
4.38388732291
4.49865624913
3.95609092054
4.43612090889
4.49015115357
4.71865590094
4.3141494712
4.38437832403
4.34226977544
4.25231913872
4.7512563505
4.38051601184
3.80961219421
3.65315414654
3.7993468256
4.74720447303
4.29592384651
4.50498413338
3.64091224387
4.37768480931
4.4806724342
4.15584066771
3.69993463593
3.92977307542
4.01584978166
4.12147194751
4.29679066266
3.4551842215
4.01755785034
4.27721333595
4.41408126354
3.8550670301
3.4901477131
4.23052427704
4.39933635033
4.86434838248
3.62224629784
3.7166182453
3.60683351551
4.61121730015
4.40304753366
3.51178930856
4.1020052438
4.13754337923
4.04884090217
3.55445188381
3.33414448019
4.08892023836
4.41776687512
3.94142329066
3.34452067252
3.78348443329
3.50947937731
3.62969895718
2.62305955112
3.08910245901
3.26083466375
3.94101415299
3.26295853704
3.91662330011
2.98659824433
3.89462234449
3.80996824691
3.99924904189
4.12715622566
3.10961507047
4.06549316629
3.74659101855
2.7097144156
3.63356466158
3.10731605059
3.70306510974
3.36236846016
3.25243495774
3.53627652748
3.19187973249
3.69088545257
3.98642691167
3.35341618912
2.79727473219
3.8873008343
3.88830446818
3.63799992696
2.77766816001
3.49541255819
3.47109953151
3.52366486514
3.29228736331
2.5752512937
3.98842650543
