3.45934495725
1.19330506645
-5.44439935955
-5.68025383712
-4.28071041891
-2.89819961674
2.77287189798
-1.24465093176
-0.633892853311
-1.69716895842
-2.31951964333
-0.749534261287
-4.47354418761
-0.330023961644
1.93360162548
-6.13252699512
-5.09478475113
0.193982517055
-0.310954713167
-1.68681325712
0.974460270045
-0.239024278385
1.26613538427
2.73282199447
-0.67860723054
-3.32985611153
0.120508396814
-2.88365032424
-4.95044716035
-6.50062121129
1.81280883188
3.3407092211
-2.79995822472
-3.84633284998
-12.2647013588
-1.14925690304
1.17995167321
-4.85643086013
-1.42894206274
3.91700547951
-3.220719203
-0.779333757444
-5.23699800725
3.33495257944
-3.13051464282
-1.70084152091
4.27613616197
0.171164496211
2.75460465502
5.0
-4.64661662823
-1.88941056295
-0.318590075084
-3.04222928456
-6.97306544931
-1.30754809906
-2.33313511389
1.07042646754
-4.76946152478
-0.364368495861
0.0397220186811
0.556333824252
-5.50298227297
-0.151447086154
3.12858232456
1.52934441892
-1.68452963834
4.25642212179
-0.852678239053
-0.14915184905
-1.21653321826
-3.32427846861
-3.52604454425
-3.03013537597
2.09299594105
-1.61143141637
-1.12999950601
-5.27866522496
-0.620257726293
-1.94868692103
-1.79516671346
-5.40330344571
-5.5112903917
1.62590568642
1.80214836505
2.13967973819
-0.351446081149
-2.2164114676
-3.94609424497
-2.42617965753
-0.407104733402
0.375068318168
1.24696301749
-0.749461042799
1.14996089352
2.52191611001
-3.98673573682
-0.18481298468
-6.54539185912
-0.282553346536
-4.2650419308
-1.55641527735
3.40179655751
-1.94017992583
1.09745589041
-4.86667275973
-4.71902921295
-2.37973310332
-9.11065526476
-2.89847915514
-0.731311613194
-4.94551162138
2.91030902861
-6.77599804821
0.880942489821
-0.618859720349
-0.861263453018
-2.52951125866
0.689223722429
-2.00892064179
-4.92340176465
0.265155938705
-2.46082425129
1.76750774128
-4.32142676825
-0.285703283694
-3.42331290938
-0.274973586681
4.60547842567
0.347618149844
1.27039926383
1.16869044021
-2.81205998469
-2.37471434273
0.667109494608
2.96495052877
-5.21781498889
-3.0724914734
-1.21717066949
2.03570358295
1.70191438609
1.24183218868
-4.64421609932
0.894165084465
-2.29022576091
-3.51147343982
-2.36328182643
-1.20493316537
5.0
0.786635969061
1.5619791621
-4.30458259554
-1.97314921105
-2.63374144781
-1.85011794551
-0.167481619103
1.5554131785
5.0
2.4583014969
-1.61458517935
-6.33156112171
-4.89747480018
2.26639929023
3.67157582512
-2.64694445309
-6.59430545036
-0.487440151357
-3.01567111495
-0.264296565725
-1.5764466554
0.712008273898
-5.00043803829
2.16654414544
-9.28183329617
-2.85585847485
-2.51851784323
-3.19324379675
-3.61864122562
-8.11233623367
-1.14260103432
2.02530942306
-4.82174790742
2.15488545062
1.71184453095
-5.14610866385
-0.417378979041
-5.2456568021
-0.0240978655828
0.955831601424
-0.290366761522
-5.62156004276
3.34019904739
-1.79458455306
0.587012194421
-3.86074753338
-4.76937760949
-2.10811849017
-1.12736790611
0.352945582093
-0.812193827106
-0.2893015421
-3.42967193368
-2.52631462763
-0.91909809832
4.26975113929
-1.0155395023
0.185691397641
0.288773283747
0.0818969662281
-8.6418135782
-2.99540711605
3.06756459378
-5.04606841117
-4.16699738842
0.0772312162285
1.90543023982
0.328337637565
1.18710636777
-2.87479350761
1.67890403628
-2.41784154286
-1.84767277317
-2.93798669215
-4.77393291219
1.07536804572
1.21520914402
-2.95380390775
4.07752131428
0.00165071547309
4.04334493345
-2.4889663128
0.0997688289002
-0.705412883077
3.46378481008
-1.83566995537
1.93725297423
2.37913982553
0.838841026481
-6.87109772139
-6.0638881787
-3.55215177403
-3.59474509738
-4.53583373501
-2.62555533254
-1.19439215021
-2.77091621029
2.63115979283
-4.39627620195
-2.78133558136
-2.72086289486
1.39464974745
-3.66064755136
1.69865632585
3.02434044513
