3.88545592857
3.633193303
4.14409808691
3.91681418906
3.75337352948
4.77379195372
3.77352368289
4.933202066
4.98557389126
4.06402479993
4.45382140504
3.94250675697
3.76607460288
4.21254449536
3.25276194209
4.92562411245
3.29939230829
4.09489033444
4.84628106468
3.95130999014
3.80915501787
4.01234747305
3.15772988381
3.92302225793
3.13230258198
4.0767464696
3.2362800481
4.16599973527
4.81398736669
3.87913230207
4.49860951778
4.00293671265
4.75997368124
3.86512506515
4.79069685577
4.11212630667
4.6061733227
3.68688534043
3.75257677478
4.9337094897
4.13516027889
4.22195642807
4.66760517592
3.05325623709
3.995296683
4.86157595966
2.84732650386
4.36693433553
4.2002817545
4.37197241335
4.04546072037
2.99001527724
3.20772919523
4.92787439903
4.90413734008
4.48322373436
4.95960708603
3.06312677105
4.15770008774
4.56426161913
3.32229078389
4.36868739206
3.33739777089
4.09501828413
4.45382879227
3.23950340961
4.91300849972
5.0
3.30827392582
4.28321372876
3.99012121319
3.84794150126
3.9535331384
3.86310018983
4.49821982804
4.9490128884
4.40309865276
4.77051307328
2.86964396119
2.99234253029
4.87841042702
4.00530487871
4.6431922799
3.76911696808
3.56273512088
4.42119082955
4.27475935307
4.94974787103
3.14319163926
4.10185434989
4.50981430094
3.29157433915
4.87303916441
4.92821188829
4.11207969576
4.49492402519
3.97960451645
3.4882437633
4.92008876985
4.09247544774
4.78163757152
4.69819016886
4.39493544147
4.05941055192
4.2149667318
4.52900938084
4.56869005111
3.89831910839
4.85158961998
4.00288101493
4.3342013645
4.7565685595
4.15769716428
3.73305647588
4.0966846145
4.13746224439
4.18806563001
3.77282803418
3.03042651719
4.75249041623
4.60807630272
4.4272099763
3.41754350783
4.77669593172
3.79525966663
3.96531288533
4.58531213097
4.1260417722
4.78930124538
4.70834255102
3.51980045539
3.9368159702
3.7738379848
4.56728167766
3.32021411958
3.24755968112
4.10462452341
4.06804815447
3.35934350973
4.68100756608
3.15071360981
2.77756604667
4.48243836926
4.91874453245
3.27845598169
3.86162630513
2.72540679217
4.36065622994
3.90655638111
4.62268375845
4.61284530264
4.36978917015
4.67475324176
3.01118636523
3.88978282103
4.45765657225
3.51754936122
2.92225129403
4.12162763338
2.85815068261
4.40246827389
4.05261666974
4.82334590426
3.06263069976
3.70782028688
5.0
4.45310980436
4.23332255208
4.13506600609
4.13429765319
3.66409317834
4.11961793471
3.09217640645
3.91625265061
3.66237712932
3.33483663161
4.89104804315
4.35622695909
4.0876627279
4.70347624505
4.45132545206
3.60343325646
3.07005002383
4.58459390297
3.79985383797
3.51570077349
3.96800983529
4.73027740738
4.31447190707
3.31713568414
3.60683895229
4.71103564296
4.58665389217
4.19015806606
4.32777199289
4.03686434383
4.16625650453
4.88605124066
3.51410569987
4.05449281378
4.04384502721
4.09372935246
3.35716406223
3.86124274126
4.89491265282
3.36372425765
3.84086932169
4.83934190034
3.95974975576
3.92991666419
3.27243651595
3.91761986342
4.30202913372
4.73851927692
3.54232550818
4.03559020357
3.19462234057
4.83909134393
3.64816988989
3.66473068516
3.12458414148
4.18721047029
2.91818796998
3.16999863684
4.28296376488
4.16731162519
3.81597539074
3.94917960024
2.84535565092
3.06467826345
